512
 -9.462890     79.460219
 42.366556     61.810308
 89.121674    -87.559634
-79.804026    -90.640177
-29.590702    -71.932444
 88.476628    -72.555532
 79.641119    -66.053936
-66.467833     55.226898
 78.356300    -51.619441
 21.094551     37.497690
-88.411464     33.756128
-67.553257     -0.651347
 98.161611     -6.349810
-89.020187    -58.513944
-31.241565    -77.083088
 74.291472     87.087653
-18.662299     97.368757
 97.470432     98.799610
-70.632251     33.389006
-46.020027    -73.065733
-67.980513    -67.203468
-41.599519     91.481567
-96.320765     46.857140
 81.178356     88.470776
  7.937502    -79.529559
-20.593880      6.402345
 56.012526     57.572366
-27.717289    -82.036482
 32.474966    -18.113817
-37.587685     39.078611
-24.150834    -90.380513
 37.921461    -19.597675
  6.967532     94.115081
 57.637171     -0.465259
-29.027667    -81.869849
 29.366836    -55.220052
-23.991043    -20.476698
-40.937528    -35.613075
 32.613273     53.005963
  2.052718      1.020447
 52.392231     38.500150
 33.485273     25.232124
 70.802386     79.937125
-39.518797    -62.820435
 85.662560     18.054046
-85.756732    -50.122848
 10.472545     70.412509
-42.304685     61.513669
  8.719633    -76.691977
-78.856525     29.493834
-83.347675     62.611761
-13.170660     -8.312905
 15.466113     98.346502
-96.814798    -88.344773
  2.047928     51.682205
-38.711991    -23.483204
-29.591888    -83.021555
 27.000812    -31.029624
-42.907854     83.624519
-87.933351     -4.054805
-46.895173    -47.661577
-95.475820      8.411633
 81.051114     56.195348
 11.287116     37.613867
 71.386528     -0.743229
 33.250379     25.290933
 74.587759    -25.711415
 78.595724     75.442794
-10.156737    -19.485210
 -4.776828     14.766474
-96.923292    -25.788951
-42.012107     70.702645
-88.610876     30.275888
-17.051061     75.787446
 15.332708    -29.252701
 23.326495      9.075182
  2.571538     30.366270
-76.732983    -83.734656
-49.899655    -28.308282
 -9.697388    -57.338121
 66.353563    -35.813743
 94.040541     60.748625
 11.583718    -39.270016
 10.988167    -32.318849
 10.190320      9.614185
 38.630435    -40.555648
-43.522353    -71.570037
 98.662706    -25.677869
 47.301863    -71.511735
 46.738152     -7.143500
  3.538997    -71.816713
-55.069075    -18.169196
  9.749125     57.942448
-61.825348      7.236479
-88.387074     -8.245613
 19.510569     73.416471
-48.615251    -83.149062
 94.137624     73.563633
-57.244229      4.249731
 17.639504     22.984589
-65.401861     44.047405
 52.550100      8.909251
 99.712402    -65.504662
 26.892342    -74.579930
 31.718924    -68.402692
 -3.308198    -38.690607
-23.949537    -71.797323
-36.769870     45.595022
 96.370538     89.299977
-99.466499    -38.604279
 91.590313     88.276328
 45.575618    -52.977162
 33.123486    -76.026325
-58.156573      3.740802
-68.176439     88.602014
-42.977391    -79.462278
-42.817948     39.297822
 94.251476    -59.868145
 96.148630    -19.134237
-36.707384    -97.356255
-23.066239    -50.384487
 65.019139    -65.933799
 13.406013    -28.351180
-45.293636    -57.387479
-68.008128     30.735220
 72.886052     40.896003
 35.890861    -67.247119
-78.886152      9.848975
 83.037781     76.797509
 85.335860    -54.876834
 74.206217    -83.422366
-67.035478    -91.654520
 15.808346    -12.061226
 34.929467     44.821457
-24.394469     -0.846416
-75.599474    -75.492151
 20.033595    -56.088224
  0.125268    -38.651140
-11.058105     47.620552
-14.818631     72.523721
 84.218945     21.741701
-72.204637    -98.110102
-65.524691    -37.669911
 19.642163     26.186455
 25.216011    -78.999135
 11.084089    -97.067561
 19.191111    -90.132486
-59.088351     43.758440
-57.423762    -37.662211
-24.759072     84.811634
 99.991634    -71.698023
-44.038197      3.361670
-60.266303    -62.731267
-47.089519     -3.077881
-17.757690    -38.274882
 -1.717727     62.596385
 35.448725    -45.594701
-69.095370    -42.793904
-63.886281    -80.854612
 63.307412    -17.070172
-87.250236      1.644914
 57.785286    -59.545706
-31.179522     16.641842
 79.889024      2.196694
 83.818970     72.786954
-53.941366      2.230800
-37.482279    -14.879564
 55.926090     76.002426
-59.392223    -62.121424
 35.629310     76.000704
-16.680808     92.109263
 89.437610    -75.006865
 29.716618    -69.519249
 95.245157     65.433260
-43.277649     69.403548
  4.996951    -14.632129
 18.461672    -89.354258
 70.514955     58.585483
-61.281453    -60.495235
-77.018556     89.170082
-66.401045    -91.772564
-72.589591     -7.969058
 -4.679094    -56.788938
 33.080536      7.567142
-76.967044    -16.936794
-65.798575     73.379570
-50.649519    -46.451638
-74.505353    -94.889956
 41.174048     26.638395
 25.755949     22.279442
-39.613072     70.694432
-28.232973    -86.596823
-12.759258     97.819590
-63.674512     96.696193
 97.528366    -39.859234
-44.333049    -83.716217
 15.903712     98.503799
 65.179683    -18.802343
-72.274467    -31.696392
 11.127925      0.543607
 31.108266     51.773726
  1.513985     45.554423
-30.042930     73.856373
 37.414813    -84.581656
 33.073665     18.592087
 70.946100     78.979355
-68.215273     53.932660
-38.255532     47.195584
-26.393986     30.415359
 21.104445     54.454541
 46.499501    -79.771276
 49.417848     38.391938
 21.917990     22.648972
  6.977178     49.435464
-82.633961     87.131267
 40.242644     42.621986
  5.538905     98.842534
-92.590216    -12.828217
 71.762506    -31.362951
 12.318920     65.352702
-72.318161    -48.719135
 40.019049    -12.904653
-18.533825    -76.214069
 17.470867     16.659661
-22.283699     71.389353
  1.572620     -7.836758
-47.083385      6.593307
 92.940063    -15.197214
 -0.593077    -68.470300
 62.734394    -12.048623
-58.930545     90.107489
 60.111106    -68.848863
-31.286951    -24.950625
 62.585800    -81.186713
 40.780009    -55.336950
-64.465411     91.461064
-50.193520    -84.580463
-42.192539     67.427847
-63.574254    -76.817280
-63.210538    -39.467225
 18.964108    -79.164327
-37.713384    -57.932421
 73.839998     -1.012193
-85.433308    -34.979243
 33.238735    -20.965122
-70.928800     12.858142
-16.187601     -6.710577
-88.605506    -68.868924
 -0.023135     85.425241
 62.893733     -5.394837
 48.972879      9.925967
-63.357969     32.112425
-72.356736     37.325005
 56.001323    -29.674318
 44.351313     50.447218
 29.180678    -49.512124
 49.932318     71.300813
 69.130082     17.312515
 99.761519     41.380286
 45.689581     48.701471
 78.177788     99.381695
 80.989611     36.650192
 49.440281     14.976525
-86.999804    -55.898956
-94.830860      1.129737
 36.851872     37.448627
-25.966944    -11.279903
  5.582501     -1.050614
 75.926273     36.781971
 61.504865     -9.378049
 60.580252    -15.599789
 40.984524     68.972332
-80.802557    -96.834329
 26.511799      3.017514
-32.957602     56.584730
 -6.688730     80.876413
 51.020422     43.486717
-94.594191    -20.987167
 99.504822    -13.105084
  0.974658     91.283192
-87.521566    -36.729425
-55.709803    -75.098093
-80.872549     78.270142
 56.060720    -73.356745
-49.384070    -14.360181
 43.938969      0.341431
 60.191405     21.467570
 26.424901     -8.591300
 72.077520     56.219391
-84.268492      6.596995
-79.685125    -97.441876
-86.211981     42.696249
 61.115152     -5.660437
 79.367660      4.182866
 -6.175473     32.989085
 13.008578    -40.450768
-70.923756    -45.358717
-75.869582    -67.534448
 81.092395    -26.528638
-37.622830    -11.460144
 60.667955     50.878813
 39.144362     78.903374
-52.527503    -32.392678
 62.801260     83.809881
-74.842652     40.576279
-70.331271    -94.412909
-44.959607    -43.868082
-23.846469    -15.327029
 89.664969    -85.425578
-47.569983     31.043182
 97.325232    -83.801290
 81.077918    -71.657478
 56.204184    -60.058637
-60.774816     89.089521
  2.470950    -94.827745
-44.831897    -93.038385
 82.793647    -38.712393
-76.380694    -80.565565
 28.482889      9.074917
 83.729763     12.176141
-64.254426     37.121601
 86.227539     65.184325
-65.587884    -48.487118
-22.021566     22.330633
 67.502333     -1.130774
 76.634539     -5.260970
  5.481974     62.252668
-28.453649     14.983490
 61.787582     95.549437
 57.349910     21.958044
-15.565855    -63.586245
-86.654618     -1.250897
-10.710564     32.637205
  6.481061     80.289598
 75.442587     51.485683
-45.236456    -62.330240
-85.222261     74.954948
 18.752224     57.148411
 73.869703    -61.494070
 43.775859     95.185451
 71.798703    -98.773377
 94.396444    -36.278653
 70.757420      4.158180
 33.779933     97.696801
-44.305025     92.506563
 56.494494     46.809574
-28.970325     79.698607
 68.756975    -96.179597
 65.181997    -49.980160
 93.649153     -8.289537
 71.099775    -95.867407
-86.979803    -62.519708
-28.836408    -60.266484
-82.047480    -41.278226
 79.617087     83.186938
-44.000214     91.236955
-49.305871    -46.364047
 27.782658     57.046738
-53.423149      3.772036
 86.720175     80.851905
-80.598542     93.203088
 65.077414     83.490607
 26.875448    -25.444239
 91.270548     21.998134
 40.117183    -68.152131
 50.001114     63.223552
  9.091899     45.882305
-77.089626     84.395859
 -7.357091    -99.501083
 74.426876    -51.263221
-68.801961     24.108737
-68.858243     96.051903
 53.079852     37.205757
-50.720055     29.994166
 75.310972    -53.942279
 73.501834     22.493741
-28.787255     51.155195
 63.918066    -78.592266
 27.818520    -29.216114
-29.521838    -63.673061
-11.039569    -47.273020
-44.670766     95.777256
 44.823432    -94.406884
 86.750872     70.801081
-18.174828      5.875898
 95.179079    -43.385156
 34.837988     47.729578
-98.545603     -0.639082
-90.340116    -86.244313
-26.206183    -23.425243
 41.643566     53.192145
 23.742821     35.501912
 17.703178    -15.824644
 16.865288     35.342231
 71.610096     33.057004
-40.261290     62.272935
-53.744677     19.370746
 15.688030    -12.822811
-92.671029     75.645717
  3.426491     86.028101
 49.610061    -95.190257
 10.783953    -29.576765
 39.375087     61.839059
-11.143927     -8.722990
  4.615580    -51.449292
 25.910822     26.678887
-27.973317      6.960861
 50.079327    -11.385728
-39.102823    -24.617613
-58.645545     20.965837
-29.562487    -52.126105
 81.775758     38.546859
-27.750223    -92.297557
-39.227486     30.985496
 -9.819529     41.931295
-83.679195     91.806334
-97.168939    -83.425424
 18.312507    -95.096432
-88.791114     13.470916
-29.960796     97.911472
-72.844052     91.978232
 86.040797     21.875580
 26.529766     68.397500
 30.875380     31.776082
 14.448362    -73.942071
 17.581260     43.282398
-24.582028    -36.252414
 32.592735     10.431381
-11.580281     51.415572
 25.786691     -8.508708
-97.851725    -62.597857
-34.404641    -57.007358
 50.653023    -48.385623
  9.128071     71.392890
 73.577824    -23.216295
 97.479413     66.326283
 32.829587     19.033834
 58.328954     48.678077
-78.420281     21.409497
 78.877083     88.256571
-65.731479    -12.560347
 79.552940     94.602895
-75.774812    -13.515521
 -8.981496    -98.682748
 69.735846    -90.375570
 51.096234      9.199493
-82.803065    -67.348534
 31.413943     99.724454
 73.642822    -72.784020
 16.374779    -80.422893
 88.746569     95.176693
 18.519756    -58.668465
 -1.473619    -71.656150
 27.051709     55.220035
 50.181928    -21.536545
-17.386320     91.580866
 77.027740     50.896798
 38.362835     43.011359
 28.444700     93.550628
 76.565432     23.420561
-15.369595     37.537880
 63.867065     16.864950
-85.105320     -3.273990
 92.974697    -41.618567
 44.928946     97.452379
 92.256687     75.089592
-31.020727     89.477712
-77.612903      6.958119
 75.025495    -14.542662
 63.501292      0.248592
-28.848132      8.575180
-54.528248    -52.266012
 -3.491381    -85.755120
 23.897052    -40.174206
 77.083039    -41.402530
 36.815989    -46.511566
-84.995142    -39.475336
-87.765401     -1.147387
 96.654874    -84.249826
-44.637414     23.803675
-67.632950    -24.342134
 27.948440     12.375811
-52.621731     80.115119
 -8.111881     41.887617
-56.285951     23.334089
-73.311976    -86.540603
 24.472383     51.673830
 99.546622    -60.720966
 48.497371     79.714371
 12.746841     65.271913
 96.466047    -90.991275
-72.421422     -1.858300
-26.502141     91.588110
 80.753663    -48.028037
 67.783998     28.420591
 54.493528     95.690139
-39.321025     74.087526
-35.193726     -3.981134
 20.015159     71.889625
-51.790370     22.988222
  2.905808    -54.431524
 30.040814      4.015629
-56.451627     23.095783
 11.185491    -50.269340
-78.242239     13.481249
-63.334042     19.765433
-32.318144    -73.876223
-50.426571    -25.167074
 78.007368    -30.600035
 18.546731     62.973189
 61.834113     84.608303
 60.717889    -14.462462