2048
 74.724570     74.132511
 70.305490    -91.766106
-13.888974     64.506973
-67.784661      3.488266
-82.848598     41.648610
 27.884762     21.573534
-11.343730    -73.168126
 42.374950     60.509049
-53.123569     60.289315
-81.981872    -95.648061
-93.469039     -2.804651
 -8.670309     37.394330
 33.231605     85.345012
-14.944914     93.084506
-78.368480    -44.309824
 61.479537    -80.999176
-74.443800    -42.942595
 43.375958    -60.875271
 -3.738517     66.216010
  8.755760     -5.484176
 85.229041    -95.422224
-34.305857    -56.120487
 67.625965     -7.113865
 13.473922      5.081332
 42.698447     74.864956
 96.337779    -81.078524
-32.596820     41.453291
-43.968017    -83.520005
 79.503769     86.553545
-10.507523    -28.830836
 66.277047     25.705741
 17.758721    -83.196509
 35.319071      8.908353
 72.557756    -86.986908
 43.418683    -41.154210
  6.649983     39.072848
 39.976196    -34.293649
 34.336375     97.534104
-18.930631    -30.051576
  8.175909      8.908353
-29.490036    -35.850093
-61.601611     78.569903
-15.933714     45.323038
-38.944670    -82.805872
 33.170568    -51.231422
 61.314737     95.959349
-75.676748     -5.063021
-41.972106    -82.262642
 70.458083     80.321665
 55.937376    -14.371166
-89.556566     43.827631
 71.648305    -50.096133
 -6.833094     39.719840
 39.713736    -85.198523
 82.177190     48.503067
-94.946135     86.297189
-62.596515    -43.089084
  7.937864    -57.872250
-70.012513    -61.668752
 67.772454    -94.604328
-53.373821    -35.190893
-27.964110      2.841273
-60.411390    -18.008972
-23.532823     89.226966
-21.317179    -21.817682
 22.867519    -81.084628
-38.547929     78.820154
-19.260231     46.006653
 37.809381     97.564623
-81.017487     34.226508
-94.647053     75.273904
 13.919492    -42.191839
 31.699576     38.157292
 -0.088504     74.700156
-40.079958    -93.719291
-31.186865     53.209021
-46.476638    -16.245003
 24.454482     33.487960
-62.895596    -38.279366
 -1.480148    -95.043794
-11.050752     65.623951
-66.057314     81.096835
-58.201849     77.745903
-57.811213    -47.379986
-51.823481     66.435743
-59.447005    -99.438459
-33.707694    -46.763512
 75.835444     50.242622
 22.989593    -50.859096
-59.447005     47.605823
  9.842219     -8.780175
-11.947996     39.005707
 68.749046     10.916471
 52.598651    -64.226203
-76.812037    -34.769738
-19.125950    -55.137791
 11.459700     62.034974
 81.017487     46.629231
-21.897031    -89.245277
 -4.501480      1.248207
-20.212409     29.783013
-95.916623    -35.154271
-38.096255     41.630299
 63.109226     96.667379
-37.913144    -12.619404
-12.674337     38.444166
 -3.012177     91.424299
 80.620746     47.392193
-11.563463      7.876827
 21.750542     63.878292
 85.375530     79.876095
-88.537248     95.129246
 37.675100     43.040254
 87.176122     -3.775140
-21.781060    -95.715201
 11.416974     29.624317
 69.408246     27.304910
-59.508042     84.356212
-29.636525    -44.071780
-20.682394    -63.628040
-18.912320      6.631672
 28.952910     31.046480
 19.852290    -38.560137
 32.883694    -30.747398
 89.996033     92.449721
 28.440199    -21.823786
 -7.535020     49.259926
  9.494308    -51.829585
-59.709464     40.537736
-93.243202    -83.147679
 31.260109     40.995514
 91.949217    -18.259224
 35.056612     54.948576
-88.085574    -77.391888
 51.097140    -32.145146
 59.269997    -85.076449
 93.316446     16.904202
 85.406049     15.506455
-41.837825     12.063967
 62.486648      1.693777
 32.053591    -61.290323
-99.548326     45.329142
 -5.490280     73.229163
-74.614704      2.688681
 73.271889     42.655721
 25.382244      1.730399
  7.589953    -40.214240
-29.667043    -92.150639
-24.002808     64.915922
 11.783197    -50.614948
 44.779809      5.392621
-30.973235     84.136479
 -6.656087    -15.536973
-92.101810    -11.844234
 72.911771    -89.678640
 18.289743     48.100223
-45.493942    -23.014008
 -3.164769     38.236641
 22.806482      7.895138
-59.160131     63.603626
 71.813105     -6.222724
 59.874264     50.309763
-41.184729    -44.157231
 11.093478    -35.551012
 72.759178    -34.360790
-35.258034     40.714743
-26.670125     52.775658
  5.911435      2.053896
 57.017731     31.809442
-21.091342    -48.411512
  6.326487    -20.474868
-19.571520    -81.926939
 78.508866     -6.155583
  7.852412    -63.951537
-10.092471    -34.397412
-31.205176     42.100284
 52.378918     -5.459761
-41.666921     68.309580
-82.201605    -19.425031
  9.964293     14.273507
-12.912381     21.829890
 26.700644     78.868984
 39.927366    -49.534593
 98.486282    -67.015595
-58.598590     37.705618
-87.847530    -85.357219
-18.094424     -0.796533
 60.283212    -72.508927
-93.572802    -67.894528
-44.962920    -75.835444
-10.391552    -85.033723
-46.568194    -44.395276
 12.668233    -98.181097
  0.106815     67.687002
 98.657186     41.648610
 -6.045717     26.322214
 62.022767     54.435865
-15.182958    -47.642445
 28.995636     -4.788354
  6.558428     47.495956
-15.164647     37.168493
 52.610858     92.406995
  4.379406      5.148473
  0.473037     98.480178
 21.939756     90.850551
 -8.810694     -5.758843
 96.960356     80.834376
 70.207831    -72.191534
 31.644642    -71.233253
 -4.202399     66.661580
 96.746727      2.975555
 21.311075     75.835444
-78.179266     40.641499
-42.497024    -44.016846
-93.798639    -60.020753
-78.807947     22.379223
  6.900235     21.445357
 76.494644    -93.792535
 59.739982     89.403974
-25.119785    -40.604877
 89.910581    -74.614704
  0.326548    -55.833613
-31.742302    -55.693228
-74.211859    -11.355937
 69.505905     44.761498
 87.243263     89.696951
 88.677633    -15.274514
-18.454543    -55.693228
 72.002319    -86.095767
 -5.581835     -9.244057
 18.478957     -5.996887
 64.714499     40.702536
-91.582995    -61.943419
 -8.725242    -16.354869
-84.789575      0.253304
-11.374248    -55.137791
 56.492813     47.300638
 -2.255318    -21.897031
 41.050447     42.747276
-41.868343     74.285104
-32.297739    -24.564348
-52.464370    -32.505264
 32.316050    -36.686300
 -4.599139    -80.510880
 99.334696    -36.082034
 76.470229    -36.045412
 93.993957     22.751549
 90.679647     -8.236946
 71.477401     90.765099
-64.323862    -41.447188
-80.712302    -57.756279
 78.093814     -4.245125
-50.926237     24.405652
-70.036927    -93.560595
-65.855892    -30.252998
 36.423841     27.164525
 48.948637      2.670370
-18.967254    -62.974944
 66.771447    -28.592792
 14.883877     -4.629658
 71.837519     36.637471
-84.197516    -10.898160
 42.173528    -52.037111
 83.904538     71.129490
-40.598773    -60.441908
-20.334483     71.019623
  1.705985    -23.831904
-89.092685    -40.812403
 76.305429    -19.223609
 74.773400    -54.161199
 47.581408    -24.832911
 61.101108     -4.037599
-82.805872    -35.398419
-76.677755     41.508225
-87.603381     97.924741
 23.245949     72.197638
-61.235389    -65.752129
-44.157231    -14.023255
-46.311838    -52.385022
-39.548936    -19.400616
-83.227027    -99.279763
-75.536363    -32.621235
 73.455000     19.064913
-14.059877    -11.478011
 28.073977     -3.262429
 41.209143    -80.803858
-37.339396    -34.891812
-36.149174     35.618152
 57.652516     55.619984
 41.257973    -69.603565
 70.818201     88.024537
 34.989471    -43.546861
-69.347209     15.207373
-28.757591     80.602435
-99.530015     55.937376
 67.638173    -71.770379
-30.576495    -53.245643
-97.454756    -99.780267
 26.761681     44.230476
 33.329264    -56.608783
 75.524155    -91.137425
-30.448317     55.662709
 41.935484    -98.077334
-92.388684    -92.699973
 36.771752     26.358837
-67.082736     59.410382
 24.887844    -56.877346
 95.867794    -39.103366
-40.739158     -5.801569
 67.912839      5.252235
-64.311655    -36.600848
-15.970336     28.330332
 24.436171      6.418043
-22.367016    -71.605579
-64.879299     81.194494
 14.444411    -10.342723
-28.952910    -90.032655
-68.669698     -9.366131
 29.203162      4.220710
 86.584063     78.460036
-97.753838    -16.306040
-72.338023     90.508744
 38.718833    -79.100925
 82.873012    -95.489364
 17.612232    -57.817316
 83.007294     98.455763
 93.768120     16.739402
-80.565813    -98.541215
 70.128483    -35.282449
-55.308695    -83.031709
 53.263955     15.750603
-78.093814     -0.558489
-51.719718    -50.865200
-70.665609    -34.238716
 49.504074    -53.154088
-73.809015    -77.245399
-16.946928     -9.225745
 86.089663     91.906491
-42.332224    -64.745018
-95.739616    -87.450789
-20.035401     86.358226
-15.073092    -95.019379
 -9.628590     18.936735
-85.076449     74.419385
-23.905148     62.920011
-70.061342    -62.706381
 17.178869    -10.049745
-20.395520    -48.893704
-77.874081    -68.327891
 97.601245     28.952910
  9.152501     60.911893
 83.141575    -79.857784
 89.391766     66.972869
  0.033570    -61.949522
  8.359020    -43.632313
 99.548326     16.501358
  1.840266     10.159612
 73.351238    -24.130985
 22.440260     29.209265
 42.808313    -19.730216
 93.157750     98.529008
 -9.140294     66.960662
 44.108402      2.072207
 42.661824    -70.726646
 88.732566    -80.834376
-98.602252     34.348582
 -4.318369    -66.234321
 45.359661     56.785791
-87.304300    -12.070070
 -7.400739    -90.319529
 -1.358074     10.641804
 39.469588    -45.890683
-79.998169     53.300577
-20.834986     68.382824
-31.864376    -36.960967
  6.656087    -41.685232
 53.398236     25.302896
-83.843501    -10.208441
-67.479476    -93.334758
 -2.548296    -75.176244
-74.535356    -70.574053
-62.730796     42.356639
 77.904599      9.012116
-67.967772     25.119785
 25.699637     85.528123
-81.878109     93.749809
-82.372509    -19.248024
-73.967711    -30.625324
 52.482681    -88.293100
 64.543596    -53.953673
-13.113804     -7.834101
-58.726768     54.112369
-29.856258    -46.745201
 25.809503     -4.110843
 62.175359     14.523759
-38.401440     34.867397
 -9.006012    -63.463240
-67.003388    -80.376598
-94.146550    -13.498337
 93.615528     23.831904
 82.341990     47.904904
-37.784967    -16.537980
-64.311655      5.612354
 -7.510605     12.533952
 -1.467940     37.595752
 22.885830    -21.359905
 19.370098    -55.449080
 12.735374     19.467757
 37.980285    -51.353496
-28.959014    -18.411817
 -5.960265     92.675558
 83.996094     62.767418
-74.803919     70.818201
-52.378918    -60.948515
-89.159825     22.348704
-88.219855    -42.155217
 17.831965    -80.559709
 41.709647     78.289132
  4.428236     80.382702
-96.661275    -59.916990
 38.682211     39.402448
 78.850673    -57.811213
-12.497330    -95.562609
 18.350780    -87.560656
-67.265847     33.994568
-65.678884     49.473556
 70.366527    -35.581530
-55.253761    -81.853694
 49.229408     18.832972
-28.592792    -20.212409
-94.586016    -71.111179
 -0.515763     38.352611
 48.625141    -99.224830
  4.702902     83.941160
 56.706442     56.486709
-45.658742    -85.235145
-65.318766     81.835383
-11.648915     18.967254
 -5.539109     12.295907
-13.315226     97.338786
 11.490219    -11.960204
 29.367962    -91.625721
 14.627522    -90.704062
-44.755394     16.885891
-34.531693     23.410749
-74.095889    -72.765282
 83.373516    -25.254067
  0.906400    -17.221595
 72.423475    -51.207007
 30.539872    -87.627796
  6.637776     41.587573
 72.496719      5.581835
-70.433668     85.827204
 38.541826     -2.499466
-75.328837     64.860988
-22.446364     44.712668
-87.426374    -54.191717
-98.852504     73.400067
-68.437757     63.103122
-41.892758     81.090732
-42.435987     83.623768
 63.896603     73.052156
 19.754631     84.765160
 -8.511612     14.804529
 68.187506    -23.374126
 29.825739     81.817072
-50.425733     -0.399792
 16.049684    -12.234870
-52.397229    -71.416364
 47.831660     72.569964
 43.809320    -84.905545
 82.018494    -68.633076
-44.438002     -1.449629
-74.108097     65.874203
-92.834254     17.868587
 27.225562    -60.875271
 -9.591968    -45.213172
-30.600909    -84.881130
 70.867031     40.037233
 77.916807     64.360485
 96.111942     53.660695
 44.395276    -83.288064
-37.852107    -49.308756
-25.492111    -57.182531
 -5.703909     43.552965
-34.128849     45.188757
 -1.211585     72.252571
 22.391430     40.372936
-58.708457     -6.216620
 11.069063     13.382366
  8.664205     21.890927
 67.711417    -74.370556
-89.855647    -51.518296
-42.289499    -42.393262
-25.742363     77.935118
 -1.870785    -32.370983
 97.662282      5.526902
 47.355571    -52.208014
-97.802667    -28.720969
-31.382183     58.488723
-43.577380     20.432142
 73.589282    -77.361370
 17.795343    -98.211615
-47.758415    -38.981292
-48.161260    -64.745018
 -4.611347     49.772637
 84.557634    -20.291757
 15.952025     81.456954
 44.169439    -67.473373
 75.365459    -89.092685
 48.735008     92.052980
-78.679769     67.052217
 95.544298     14.114811
-56.968902    -87.987915
  8.853420     -5.972472
 50.389111     28.757591
  1.998962      5.166784
-16.873684    -81.554613
-89.757988     25.449385
 56.389050    -11.123997
-49.461348    -17.007965
 48.838771    -84.881130
-35.441145     52.116459
 39.567248    -46.269112
  1.120029    -69.005402
-99.865719     91.674551
 -5.673391     32.242805
 47.935423     11.294900
 -6.295969     17.557299
-32.956938    -47.416608
-97.540208      7.852412
-96.935942     53.874325
-19.705802     99.951170
 37.894833     52.391125
 66.814173    -78.801843
-49.113437    -74.254585
-18.033387     53.245643
 72.624897    -44.224372
 59.678945     56.151006
-62.565996     -4.177984
 70.885342    -75.792718
-58.934294     22.794275
 92.352062    -95.391705
  9.646901    -44.700461
-22.647786    -89.757988
 86.230049     18.973357
-15.359966     57.927183
 41.160314     40.342418
 21.823786    -36.765648
-87.450789    -49.516282
 59.422590    -76.726585
 83.056124     79.686880
-28.049562     18.521683
 99.224830    -75.676748
-37.864315     65.105136
-60.319834    -32.657857
 24.619282     48.747215
 38.431959     33.433027
  5.343791    -28.489029
 69.414350    -39.756462
-87.060152    -57.200842
 -1.327555     66.887417
 38.254952     45.652638
 10.409864      0.888089
-61.650441      9.720145
 13.010041     45.017853
 41.251869     22.153386
-68.541520     64.995270
-72.423475    -92.419202
 92.358165    -20.401624
 45.426801      8.523820
-92.309336    -65.831477
-85.302286     -2.584918
-36.228523     58.989227
-22.885830    -48.454237
-78.594317     -6.436354
-51.817377    -77.886288
-66.264840     58.293405
 27.408673    -71.300394
-12.167730     54.527421
 22.904141     10.348827
 76.421400    -25.498215
-53.282266     64.561907
  5.911435      2.243110
-62.828455    -94.567705
-53.013703     86.687826
 64.287240     72.191534
-65.916929     68.425550
 74.785607     19.302957
 19.864498     41.105380
 32.700583     19.571520
 91.082492    -71.062349
-87.975707     11.331523
 52.006592    -38.602863
 97.473067    -79.003265
-18.332469     26.487014
 49.742119     92.321543
-28.800317    -16.275521
 91.509751    -46.525468
 47.477645    -81.780450
-29.685354    -46.647542
 89.355144     16.928617
-45.304727     98.156682
-57.261879     48.466445
-80.248421    -80.285043
 40.745262    -72.313608
-21.591845      6.686605
-64.885403    -53.703421
-85.326701    -70.183416
 45.323038    -49.327067
-24.961089     92.699973
 31.424909     48.265023
 74.382763    -60.924100
 97.003082    -76.293222
-27.475814     48.136845
 28.464614    -53.996399
 77.837458    -51.170385
 76.909696    -52.085940
 33.896908    -15.305033
 88.787500     58.922086
-54.246651     60.246590
 -8.310190     72.887356
  1.791437      0.253304
 41.453291    -68.175298
-52.409436    -46.775719
-63.206885      6.833094
-32.010865    -29.776910
  7.852412    -42.393262
 33.591723     -9.677419
-15.268410     51.725822
 67.967772    -35.996582
-47.550890    -75.115207
 -8.182012    -54.368725
 -1.620533     63.481552
  0.375378     86.370434
-41.404462     -9.347819
-69.823298    -41.306803
-30.753502     37.101352
 71.642201    -56.138798
 29.288614     77.953429
 83.477279    -86.571856
 80.767235    -83.172094
-34.568316    -63.768426
 12.949004     98.516800
-54.606769     42.002625
 96.557512     31.302835
 37.235633    -27.182836
 54.240547      0.424207
-74.413282    -46.232490
 73.741874    -46.287423
-66.136662     13.950011
-30.204169     40.787988
-68.327891     89.153722
  1.187170    -13.016144
-61.998352     37.376019
-50.950652     83.361309
 76.281014     -1.437422
-37.180700     73.882260
 37.717826     29.654836
-20.023194    -78.783532
-90.948210     46.317942
 25.876644    -67.790765
-78.984954      2.560503
 -0.100711     24.430067
-26.273385    -60.502945
 54.210028     14.957121
 95.355083     34.495071
-28.727073    -87.316507
 90.136418     81.933042
 46.549883     95.434431
-67.821284    -63.103122
 82.439650    -47.025971
-38.785974    -46.983245
 -0.186163     77.452925
 36.466567    -54.356517
 73.430586    -17.783135
-94.915616    -88.299203
 97.357097     30.484939
-58.769494     37.449263
 86.748863    -45.042268
-87.932981     25.339518
 22.251045     49.790948
-72.923978     71.288186
 43.144017     15.976440
 26.688437    -76.396985
 -4.385510    -58.403272
-33.274331    -45.219275
-57.615894     -2.011170
 54.728843     77.428510
-60.161138    -66.747032
 -5.465865     35.624256
 89.062166    -55.735954
 -4.733421    -97.137364
-33.109531      8.389538
-98.950163    -82.030702
 43.345439     56.315806
 -2.310251     90.038759
 -8.401746     67.052217
 52.525407    -96.136357
 96.789453     66.527299
 43.742180    -43.003632
 69.920957    -89.123203
-64.568010     59.624012
 73.088778     35.825678
-45.463424     28.672140
 62.248604     53.257851
-73.961608    -92.754906
 53.874325    -23.654897
-77.397992     40.757469
 21.652882    -45.542772
-15.091403    -59.154027
 29.508347     99.060030
-31.076998    -31.394391
-92.791528     81.835383
 76.427503    -31.974242
 74.834437     86.449782
-75.072481     81.182287
 22.244942     -5.075228
-86.651204     76.287118
 49.974059     -9.830012
-60.417493     19.888913
-22.379223     55.656606
 26.340526     24.448378
 26.120792    -46.299631
-88.634907    -97.442549
-19.956053    -36.533708
-41.538743     59.068575
 36.295663    -40.012818
 45.341350     52.317881
 45.316935    -84.527116
-15.231788    -44.193854
-48.850978      4.116947
-64.848781    -48.527482
-63.383892     -8.352916
-43.223365     85.869930
 79.741813     90.960417
-29.917295     20.462661
 27.817621    -35.068819
 72.045045    -92.620624
 95.300150     57.835627
 67.082736     21.738334
 91.729484    -63.567003
-31.345561     81.853694
 86.028626     22.171697
-72.222053     88.665426
 13.376263     -4.440443
-55.204932     15.500351
-69.121372     54.148991
 20.548112    -20.548112
 28.330332    -94.817957
-96.734519     25.717948
  0.326548     74.364452
 87.487411    -43.974120
 85.937071     11.789300
 21.011994    -67.534410
-17.831965    -23.520615
-23.496200     87.975707
-62.401196    -19.363994
-56.358531     74.681845
 32.267220    -25.095370
 -1.681570    -18.582720
-49.876400    -44.071780
-95.013276    -48.356578
 50.389111    -22.586749
  8.505509    -67.064425
 43.913083    -54.063540
-28.379162     89.452803
 80.925932    -17.178869
 14.499344    -91.534165
-43.693350     33.188879
 12.363048    -67.625965
 38.724937    -96.362194
-92.345958    -52.775658
 29.837947      9.610279
 -7.138279    -40.720847
-40.171514     13.754692
-79.711295     -9.414960
-74.480422     36.667989
 -4.910428     25.034333
-22.696615     21.030305
  7.669301    -64.000366
 61.149937    -69.438765
-38.126774    -73.088778
 21.970275    -34.989471
-44.932402    -84.075442
-25.467696     72.356334
-33.548997     -3.988769
 48.222297    -60.441908
  9.811701      1.687674
 11.832026    -56.889554
  6.979583    -86.370434
-15.219581     40.525529
 38.273263    -67.577136
-59.202857     84.118168
-73.924986    -47.294534
 10.507523    -61.632130
  7.937864     68.968780
 89.074374     81.963561
 55.339213     44.212165
-44.846950     75.872066
 -5.587939    -27.225562
  7.467879    -21.268349
-15.103610     68.547624
 25.162511     90.728477
-86.523026      9.805597
 58.250679    -92.815943
 57.927183    -28.037355
 54.429762     63.267922
-21.909238    -20.560320
-71.587268    -49.137852
 -9.811701    -92.046876
 80.126347    -10.953093
 80.449843    -31.589709
 67.961669     29.276406
 14.554277      3.695791
 43.412580     76.573992
 98.986785     29.654836
 53.196814      8.053835
-49.455245    -48.606830
 15.292825     69.890439
-69.573046     86.278878
 74.999237     34.098331
 -1.132237     24.753563
-52.653584     -3.714103
 46.836756     60.405286
-47.911008     95.745720
 60.911893    -79.674673
-52.476577    -61.064486
-22.409742     27.146214
 69.359416      7.907346
-16.672262     23.972289
 80.938139     34.556108
-83.526109     -6.546220
 41.074862     22.263253
-72.478408    -97.772149
 95.623646     96.038697
 53.679006    -97.955260
 99.237037     62.370678
 64.232307     18.729209
 73.345134     60.155034
 32.828761     60.319834
  6.808679    -16.159551
 -7.016205     75.603504
  5.343791     60.161138
-66.985076     -5.746635
 96.038697     59.520249
 86.700034    -20.108646
 93.169958    -76.506851
-24.143193    -72.704245
 31.687368     89.593188
-38.810389     34.958953
-25.595874     94.421216
-42.503128     84.319590
 99.365215    -63.219092
 69.689016    -43.131809
 73.485519    -18.344676
  5.648976     20.444349
 18.784143     86.510819
 22.391430    -84.173101
 77.459029    -68.926054
 61.613819    -24.954985
 82.036805     31.992553
 30.973235      2.566607
-63.206885     23.331400
 87.334819     50.584429
 16.885891     84.490493
 78.148747    -80.248421
 -8.865627     96.533097
 -2.597125     16.531877
-24.948881      8.365123
 12.167730     98.406934
 20.078127     -6.131169
-83.874020    -61.711478
 45.481735     81.316568
-33.634449     39.292581
 18.991668     36.313974
-40.482803     31.107517
 92.632832    -20.505387
-96.301157     79.338969
 99.761956    -79.760125
-57.658620    -61.070589
-80.242317     87.670522
 86.266671    -16.977447
-83.434553     40.110477
 10.165716     38.389233
-42.802210     34.385205
 69.841609    -41.184729
 16.702780     36.088137
 -3.646962    -32.377087
 75.627918     52.116459
 23.404645    -99.462874
-83.678701    -33.268227
-95.867794    -19.754631
-75.634022    -37.583544
-26.322214     53.813288
-98.760949    -93.346965
-86.394848    -75.762200
 -5.331584    -13.901181
-25.345622    -92.559587
-47.300638    -30.851161
-86.205634     45.835749
  7.968383    -21.628468
  2.127140    -90.179144
 -1.840266    -46.134831
-40.354625     18.442335
 29.190954     88.982818
-26.767785     10.354930
 87.084567     19.461653
 54.100162     -3.451643
-94.982757     47.410504
 90.954314     25.852229
 91.692862    -18.741417
 55.082858     94.640950
 27.195044     72.997223
-86.333811     31.919309
-67.204810     33.903012
-92.437513     91.070284
 20.761742     10.098575
-50.291452    -20.590838
-69.481491     99.023408
  0.595111    -42.991424
-42.612995     88.268685
-23.160497    -64.213996
 80.138554     -2.133244
 49.302652     10.330515
 93.627735    -92.626728
 86.822108    -48.454237
 52.793970     48.979156
-98.046815     94.512772
-65.813166     47.813349
 54.930265    -48.374889
-78.655354     90.862758
 71.990112    -17.465743
 20.249031    -94.409009
 34.507279     51.811274
 11.099582    -70.397046
 -4.983673      5.838191
 42.704550    -47.453230
-23.538926    -99.877926
 75.621815     11.563463
 10.885952    -91.839351
 80.468154     21.469771
-26.163518     43.266091
 -2.511673    -79.003265
 70.702231    -75.518052
-36.252937     16.269417
-68.712424    -82.024598
 14.108707    -97.241127
-31.162450     84.942167
-37.675100     47.129734
-40.311899     67.491684
 68.462172      9.921567
-100.000000    -56.309702
 -1.156652     -9.335612
 95.593127    -17.093417
 84.911649     76.421400
-58.751183    -67.131565
-12.924589     75.084689
-54.203925    -30.405591
-30.033265    -85.247353
 59.013642    -58.543657
 95.220801     90.325632
 56.871242     38.639485
-61.919004    -61.394086
 41.129795    -80.785546
-65.843684     23.233741
  9.689627     23.191015
-37.583544     10.531938
-46.116520    -94.433424
 70.787683    -82.293161
 38.962981    -80.077517
-49.369793    -85.442671
-75.963622     83.526109
 66.240425    -40.128788
-22.251045     55.406354
 45.670949     53.923154
 45.854060     58.561968
 39.188818    -11.807611
-72.978912     77.526170
 51.524400    -26.358837
 13.126011    -37.424848
-45.847957     28.684347
 50.175481    -28.116703
-15.970336    -91.766106
 76.232185    -17.258217
 34.751427     55.021821
 92.553484    -96.783349
-53.337199    -45.646535
-75.872066    -84.557634
-98.022401    -26.267281
 25.992615     81.792657
-68.724631     68.431654
 91.424299    -54.826502
 37.516404     34.336375
 18.362987     54.802087
-56.077761     89.355144
 90.356151     48.454237
-28.031251     64.500870
-71.935179     22.800378
 55.619984    -13.901181
 67.882321     22.708823
 -1.791437    -69.823298
-76.396985    -18.918424
-21.872616    -69.585253
-12.320322    -59.794916
  9.591968     20.822779
 28.080081     86.101871
-35.264138     -5.533006
-62.828455     26.938688
 63.286233    -40.531632
-11.246071     46.885586
 36.045412     73.485519
-40.427870    -33.445235
 68.517106    -62.047182
 71.550645    -58.592486
-69.255654     33.420820
 10.916471     29.239784
 -0.119022     77.031770
-19.394513     58.055361
-18.594928     83.623768
 42.075869     25.632496
 35.605945     11.532945
-97.198401    -38.053529
-84.765160    -25.534837
  5.813776     85.741752
 20.847194    -99.444563
 77.300333    -13.559374
-20.108646     20.035401
-11.197241     62.828455
 55.943480     62.584307
 90.038759    -50.547807
 -5.771050    -54.240547
 68.657491    -37.662893
  9.732353     35.654775
 93.292032     94.927824
-75.878170    -38.920255
 95.959349     -4.208502
-42.197943     62.523270
-49.778741     59.184545
-16.782128     57.103183
  1.303140     59.703360
-54.203925      0.808741
-95.635853     62.388989
 58.702353    -70.751061
 27.317118     39.457381
 77.672658     58.159124
-25.797296    -75.096896
 62.132633    -75.072481
 85.692923    -61.741997
-71.013520    -47.605823
 72.649312    -91.265603
  5.160680     16.171758
 39.225440     31.009857
 85.222938     96.691794
 51.628162    -16.092410
  0.363170     -2.688681
-91.161840     43.217261
  4.977569      9.689627
 71.575060    -80.114139
-13.010041    -92.382580
  5.624561    -45.097201
  8.346812    -49.296548
 95.977660      1.992859
-18.240913     78.978851
-12.155522     29.526658
 -9.878842    -20.157476
-89.092685    -27.219459
 54.643391      8.511612
 43.015839     67.864010
 58.134709     43.180639
 69.566942     -1.522874
 29.624317     56.273080
 -5.117954     86.925871
 96.496475     82.909635
-38.230537     60.368664
-89.495529    -32.108524
-64.506973     23.862423
 53.880428    -27.512436
  8.529923    -28.806421
 31.693472     22.208319
-17.795343     64.891507
-43.150121     76.830348
-18.430128     16.605121
-66.063417      3.964354
-40.275277     -0.839259
 48.081912     37.400433
 47.837764     21.494186
-34.824671      1.419111
  7.138279     -2.304147
 49.681082    -17.569506
-60.930204     41.477706
  6.247139     29.056673
-90.057070     17.276528
-48.564104    -37.949767
 46.287423     79.241310
-78.270821     75.194555
-42.905972     29.361858
-75.853755      8.438368
 39.353618     25.986511
-64.311655    -25.351726
-77.013459     73.992126
-42.149113     20.993683
 11.496323     27.817621
-67.534410    -93.566698
-25.443281    -61.326945
 25.138096     76.470229
-51.164281     77.147740
 82.470168    -83.642079
-96.752831     62.346263
-30.576495    -35.843989
-75.078585     29.111606
 -7.052828     64.720603
 82.097842     64.201788
-81.774346    -53.978088
 20.255135     42.979217
-16.238899     -1.058992
-52.293466     97.662282
 21.463668    -58.134709
-33.164464     48.539689
 88.189337    -48.753319
  7.345805     29.251991
-85.290078    -60.515152
-82.317576     37.528611
-21.329386    -38.706626
-29.081088     42.515336
-92.510758     29.837947
-58.647420    -19.974364
 17.648854    -76.140629
  8.035524     66.917936
 96.569720     67.155980
 41.514328    -34.141057
 33.286538     61.461226
-69.981994     31.754509
  4.214606    -45.835749
-98.590045    -28.983428
 20.267342     22.043519
 96.966460    -54.948576
-58.507035    -47.801141
-46.531571     49.052400
-34.391308      1.614429
 49.729911     -2.517777
 96.557512     16.360973
-26.236763    -52.531510
 -0.589007     91.918699
 67.003388     91.271706
-52.116459    -44.315928
  1.602222    -50.816370
 70.635090     53.068636
 47.325053     -5.917539
  2.633747     18.295846
-15.988647    -61.143834
-52.092044    -88.756981
-83.892331    -82.042909
 59.843745    -98.437452
-54.698325     94.372387
-54.716636    -18.704794
-42.313913    -76.805933
 -1.229896    -12.747581
 81.579028      3.176977
-26.963103    -85.564745
 72.319712    -52.726829
 92.156743      1.687674
-19.730216      3.732414
-86.559648    -29.111606
-41.746269     58.732871
 44.499039    -99.096652
-35.306864    -48.081912
-78.460036    -82.457961
 18.741417    -63.884396
-44.663839    -19.205298
-36.448256     12.411878
 50.944548    -49.406415
 -5.935850    -28.141118
  7.547227     12.302011
-94.543291     75.115207
  4.599139     43.241676
-81.432539      1.181066
 80.596332      1.516770
 38.505203     -3.445540
 10.580767    -81.707205
  2.706992     56.016724
 88.848537    -25.107578
-25.241859     66.295358
 22.861415     45.866268
 40.067751    -56.096072
 44.834742    -10.635701
 59.819330     98.339793
 47.099216     66.008484
-60.625019     51.908933
 47.538682    -32.480850
 67.332987    -52.482681
 -8.590960     36.381115
-18.424024    -24.497208
 -4.324473    -42.252876
 18.527787     50.938444
 42.179632    -95.104831
  1.828059    -27.494125
 25.962096     19.406720
-73.259682     -5.655080
-35.196997      7.394635
 96.539201     41.959899
 76.427503    -67.033906
 66.978973    -96.447645
-70.513016     -9.732353
 55.400250     28.043458
-25.339518    -64.818262
-29.618213     60.863063
 62.034974    -41.843928
-81.572924    -50.993377
 51.115452     79.222999
-56.163213    -53.581347
-80.388806     46.568194
 58.006531    -48.973052
 77.379681     19.852290
-85.546434    -95.336772
 91.564684     19.559313
-14.145329     87.163915
-70.543535     23.587756
 -0.875881     35.746330
-74.877163     92.382580
 85.143590    -78.783532
-23.935667      3.823969
 -0.979644    -88.122196
-23.715934    -20.865505
 67.461165    -43.308817
 -8.114872    -18.973357
 19.168676    -81.212806
-14.487136    -34.574419
-45.121616     90.655232
 -4.129154    -32.120731
 12.949004     22.122868
-21.433149      6.045717
-13.022248     92.651143
 14.523759     79.424421
 51.634266    -41.184729
 92.254402     47.581408
 52.873318    -91.381573
-29.837947     68.211921
-81.072420     53.544725
-74.779504    -23.886837
 48.234504    -10.177923
 94.213691     84.508805
 30.509354     60.100101
 13.754692    -10.153508
-42.655721     46.702475
 65.489669     61.387982
 78.508866     27.811518
 32.517472     -3.213599
 60.118412     27.805414
 73.479415    -75.066378
  1.107822     -7.065035
-79.619739     37.369915
 64.116337    -76.293222
  6.613361     29.374065
 77.037873     95.092624
-68.834498    -67.845698
-38.407544     -4.086428
-34.440138     17.239906
-54.911954    -81.371502
  9.457686    -45.561083
 11.551256     30.747398
-98.504593    -95.477157
-51.310770     59.086886
 91.351054    -72.045045
 46.720786     18.265328
-20.596942     -9.152501
  5.417035    -85.485397
-69.743950    -50.511185
-94.372387     56.175420
 66.319773     -5.410932
  1.498459    -98.010193
 47.685171    -63.438826
-10.379345     78.722495
-55.351421     13.071078
-88.604389     98.937956
  9.012116      0.082400
-55.119480     10.611286
 50.444044    -92.303232
 42.295602    -90.459914
 24.253059     41.990417
 69.499802    -54.087954
-63.347270    -85.882138
  3.665273    -43.772698
 73.888363    -22.067934
 45.439009    -48.045289
 61.449019     77.379681
  1.754814     -4.019288
-40.415662    -15.103610
 -4.367199     98.248238
-98.541215    -87.914670
 59.172338     61.790826
 80.034791    -26.114689
 65.990173    -89.635914
 -9.897153     87.554552
-40.629292     29.050569
-68.333995     87.578967
-67.607654     48.887600
 80.828272    -62.041078
-83.788568      6.991791
-65.483566     22.946867
 32.810450     13.266396
 35.398419     -2.481155
-31.528672    -44.969024
-17.062899    -21.036409
-75.780511     70.763268
 37.205115    -39.384136
 99.401837    -75.762200
-78.606525     29.227577
-35.251930     10.336619
-70.488601     66.985076
 81.218909    -76.299326
-54.716636    -80.364391
-79.375591    -78.435621
 78.759117    -88.171026
 44.676046     11.960204
-73.345134     91.021455
 98.254341     -1.455733
-37.168493     81.035798
-26.419874     13.376263
 65.050203    -73.186438
  1.211585    -31.229591
 84.356212     11.264382
-75.688955     59.581286
 63.243507     25.724052
-87.682730    -52.903836
  8.951079     75.151830
-29.624317    -44.145024
 28.037355     99.359111
  0.650044    -85.406049
-71.446883     91.460921
 71.916868    -27.445296
 96.057009     94.903409
-46.452223     22.489090
-50.340281     60.203864
 70.250557     61.491745
-15.506455    -57.243568
-66.313669    -78.966643
-93.371380    -77.147740
  7.400739     97.357097
 66.942351    -70.763268
 61.095004    -86.541337
 99.957274    -52.549821
-29.349651    -55.882443
-25.882748     94.170965
 20.163579    -65.153966
-40.446181    -61.210974
 62.041078    -53.556932
-80.297250     53.581347
 -8.297983    -43.955809
 33.042390     73.552660
 92.901395     46.104312
-48.924223     47.361675
-90.026551     12.564470
 99.005097    -39.518418
  3.402814    -76.659444
-74.889370     11.893063
 44.706565     58.513138
  5.307169    -74.468215
  7.095553    -36.667989
  8.969390     77.752007
-91.882076     45.469527
 32.358776    -77.959532
 60.411390     47.550890
-94.134342     92.309336
 86.993011     26.413770
-18.625446     65.849788
 57.206946    -29.807428
  5.868709    -32.590716
 -0.344859     84.618671
-12.302011     -4.519791
-51.701407     79.595325
 61.644337     52.067629
-21.951964     87.560656
 59.044160     57.304605
-13.998840    -55.394147
-10.721152    -69.963683
 74.730674     65.831477
-61.192663    -84.319590
 93.646046     46.024964
 -5.954161     42.570269
 -5.075228     17.038484
 94.329661    -11.880856
-39.902951     92.999054
 21.176794    -64.018677
-46.446120    -65.300455
 30.179754    -94.567705
 59.331034    -35.599841
-68.346202    -65.642262
 57.267983     62.187567
-73.558763     -3.091525
 -5.075228     75.298318
  2.987762     37.217322
 11.441389    -28.421888
  1.998962      0.418104
-30.405591    -31.705679
-45.011750     42.118595
-47.721793     67.619861
  2.804651     -2.346873
-20.255135    -70.024720
-99.426252     92.376476
  3.762932    -83.422346
 15.170751    -25.803400
-65.019684     32.303842
 21.530808     49.662770
-40.250862      0.204474
  4.043703      4.739525
-97.350993     -0.991852
-30.722983     91.711173
 90.972625     94.598224
 76.287118     63.219092
 77.379681     97.027497
 -9.298990    -65.056307
 77.062288     74.101993
 68.968780     57.957701
 75.572985     52.873318
-21.127964     82.140568
 63.603626    -59.739982
 62.645344     91.845454
-45.011750     -5.917539
 48.887600     95.080416
 44.151128     75.701163
 19.620350    -52.537614
-40.757469     15.585803
 38.596759     92.205573
-32.731101    -76.995148
-52.751244     -2.706992
-12.643818    -28.879666
-65.575121     71.294290
-31.455428     88.683737
-13.779107    -61.180456
-11.746574     89.666433
 22.135075     57.090976
-72.344127     72.014527
 23.819697    -45.292520
 80.339976     16.794336
-37.388226     73.979919
-49.644459     18.985565
 32.212287     97.973571
 -4.000977     81.139561
 -7.370220    -56.376843
-24.466689    -98.791467
-68.254646    -97.900327
 51.139866    -14.236885
 50.675985    -92.345958
-92.748802    -80.187384
-20.773949     16.257210
 39.713736    -75.432600
 27.677236     75.286111
 71.752068    -65.672781
 81.163976     65.392010
 53.270058    -76.281014
-57.176428     95.989868
 -0.497452    -83.367412
 32.102420    -64.586322
 25.455489      8.023316
 44.322031     57.164220
-67.772454     29.837947
 77.874081     83.367412
  1.583911     -7.638783
 35.196997      6.778161
 54.948576    -67.815180
  3.885006     72.557756
-66.881314     98.083438
 24.063845    -98.980682
 52.970977    -94.024476
-51.597644    -67.284158
 -2.737510     -5.594043
  0.906400    -23.026215
 -6.009095     11.471908
-59.178442    -54.808191
 41.422773     64.842677
 37.858211    -49.754326
-64.946440     65.770440
-35.032197     53.038118
-47.196875     98.583941
 14.993744     37.656789
 54.643391     46.751305
-52.641377     96.234016
-47.093112      6.912442
 71.111179      4.867702
-90.356151    -78.026673
 70.506912     71.794794
 17.056795    -35.367901
-20.523698     39.054537
 17.459639    -97.436445
 11.154515     18.961150
 18.948943    -23.563341
 48.680074     46.555986
-37.028108    -77.861873
-96.368297    -70.665609
  0.167852     68.340098
-51.683096    -24.472793
 30.607013    -59.294412
 28.061769     82.061220
-35.258034    -95.947142
 59.874264    -36.381115
-38.651692     73.570971
 23.691519      3.933836
 -1.364177     26.456496
-47.575304    -89.410077
 34.806360    -54.759362
 27.140110     54.612873
-85.680715    -76.073489
-16.531877     76.018555
 76.183355     68.340098
-64.293344     36.729026
 20.279550    -78.203681
 24.674215    -98.107852
-11.636708     47.495956
 -4.354991     31.070894
 15.549181     98.736534
-87.328715     60.344249
  8.920560      8.279672
-84.575945     56.743065
  9.244057     28.159429
 24.875637    -73.778497
 92.162847     51.072726
-95.953246    -43.699454
 65.105136    -55.339213
-19.827876     74.822230
 16.135136    -70.006409
 34.293649    -94.085513
 71.007416    -64.622944
 64.806055      4.501480
 14.670248    -43.180639
-68.980987    -49.461348
-66.496780    -43.577380
-16.922514     84.337901
-65.562914    -70.146794
-15.555284    -35.947752
 97.363201     74.285104
-66.808069    -73.204749
-83.068331     87.878048
 88.427381     34.427931
 -9.915464    -67.760247
  7.980590    -14.603107
  5.539109     89.001129
-96.270638     73.870052
 -8.548235     41.746269
-79.284036    -22.666097
 77.562792     14.627522
 46.342357     53.990295
-71.977905     98.858608
 55.900754    -68.840602
-98.779260     -1.681570
  0.704978     65.959655
 92.730491    -74.376659
 45.017853     59.453108
-82.250435     79.729606
-41.953795      5.642872
-10.678426     36.521500
 67.332987     56.425672
-51.646474     83.483383
-20.377209     83.800775
  1.980651     29.813532
 75.670644     20.639668
 26.285592    -76.897488
 85.021516    -38.804285
-10.202338      4.007080
-52.800073      2.627644
-46.134831    -70.079653
 65.434736    -91.216773
  6.326487     -0.784326
-40.781884    -22.458571
-15.482040      6.955168
 21.945860     -7.150487
-55.894650     63.603626
-10.092471     42.838832
 29.783013      7.834101
 28.806421     85.174108
-95.800653    -55.253761
 44.157231     40.922269
 -8.627583    -59.288308
-78.289132     98.187201
 90.734581      6.106754
-95.709098      6.784265
 18.192083     -2.822962
 11.105686     45.127720
 30.393384    -31.650746
-94.079409     40.690329
 88.372448      6.118961
-79.589221    -74.810022
-83.013398     75.841548
 38.663900      5.813776
-83.727531    -87.322611
-50.614948     33.695486
 80.986969     87.975707
-28.073977     50.907926
-15.414899     82.146672
-37.668996     97.235023
-15.988647     95.635853
  5.752739    -42.063662
-98.718223     28.843043
  1.425214     33.823664
-61.589404    -37.430952
-53.483688    -85.235145
 81.701102    -29.953917
 24.973296    -61.931211
-48.234504     -8.163701
-92.229987    -87.212745
-44.456313      4.916532
-29.300821     91.338847
 96.435438     17.142247
 35.996582    -30.393384
 98.950163    -81.658376
-55.967895     -3.134251
  4.055910    -80.687887
-38.621174    -23.343608
 91.473128      9.927671
-68.620869     39.963988
 85.131382    -32.328257
-26.383251    -28.104495
 98.156682    -52.183599
 38.413648    -26.853236
 73.497726    -13.553270
-77.318644     37.449263
-23.459578     47.666860
 53.349406     26.310007
 95.910520    -53.825495
 44.602802     22.251045
-91.283914    -23.490097
-64.781640     41.856136
 66.545610    -19.870602
-87.755974     89.733573
-41.673025     81.694998
 27.182836     34.879604
  6.521805     25.687429
-88.897366     90.441603
-47.379986    -55.259865
 -5.233924    -21.689505
 88.470107     90.777306
 40.086062    -40.287484
 89.471114    -39.677114
 89.178137     13.064974
  6.027406    -54.753258
 37.253945    -59.654530
 69.420454    -59.910886
-64.439833     83.227027
 68.388928     37.308878
 30.661946     30.234687
-47.312845    -58.354442
 46.311838     -3.836177
 19.827876     34.916227
-85.894345     55.021821
-58.757286    -77.599414
 59.318827    -92.291025
-15.762810     -7.827998
 47.911008    -34.226508
 85.790582     18.515580
-98.724326     32.334361
-65.355388    -59.239479
 84.704123    -38.370922
-82.189398     48.783837
 75.957518    -21.744438
 87.774285    -93.670461
-79.802850     37.461470
  6.637776     43.552965
 77.477340    -92.352062
 23.538926    -50.114444
-30.997650    -43.498032
 41.422773     -1.382488
-71.410260    -78.246406
-70.409253     34.250923
-34.641560     48.057497
 38.200018     54.136784
 43.998535     71.068453
-29.123814    -84.606464
 88.946196     30.100406
 71.929075     98.541215
 18.564409     -9.524827
-15.878780     58.922086
 15.665151     56.968902
-66.502884     -2.584918
-59.349345    -40.568255
 97.387616    -18.594928
 93.414106     -7.986694
-88.213752     47.453230
 30.387280    -12.912381
 74.596393     16.849269
 42.863247    -94.763024
-99.346904     55.314798
  2.932829    -77.520066
-14.914396    -91.943113
-16.757714     -4.007080
 31.022065     41.544847
-43.205054    -10.348827
 -1.901303     23.056734
-16.873684    -59.434797
 27.860347    -30.503250
-12.942900    -52.159185
-97.650075     -3.494369
-63.780633     64.915922
 92.242195     99.243141
-76.281014     76.616718
-49.461348     -3.915525
-37.888730    -57.731864
-91.631825    -33.573412
 -5.069124    -13.962218
 28.879666     13.913388
-67.912839     15.805536
-24.381237    -13.748589
 15.305033     51.817377
-48.362682    -17.026276
-80.101932     46.317942
 65.538499     82.317576
 99.176000     75.475326
 80.687887    -81.524094
-22.452467    -15.170751
  3.915525    -59.453108
 98.889126    -30.515458
 69.969787     84.301279
 36.051515     70.317698
-22.208319     88.128300
-31.913205     67.455061
-64.885403    -15.616321
-68.761254    -47.709586
-32.523576     -2.639851
 50.004578     59.245582
 47.917112    -20.859401
-45.451216     38.517411
-96.374401     14.615314
 90.710166    -48.838771
 55.858028    -73.143712
-71.227149     67.632069
-50.785852    -85.802789
-22.586749     51.097140
-73.314615     50.108341
  8.865627    -93.194372
-93.377483     77.288125
  1.748711    -21.317179
-82.085635     27.134007
  7.699820    -25.571459
-50.376904     95.825068
 48.057497    -99.548326
 71.343120    -91.705069
 46.891690     87.731559
 80.449843      1.419111
-93.365276    -10.007019
 32.621235     57.451094
-67.473373    -64.574114
-88.225959    -80.736717
-87.920774    -86.901456
 -4.251228    -81.652272
 55.992309    -24.564348
-26.175726    -52.958769
-93.493454    -62.053285
-27.372051      6.076235
 19.718009    -42.521439
-53.672903     58.824427
-72.142705     70.226142
-12.399670    -76.586200
-12.021241     70.757164
 15.585803     33.976257
 23.184912     13.303018
 -3.054903      2.285836
-37.321085    -83.404035
-43.504135     11.069063
-13.064974    -46.604816
-66.563921    -29.856258
-15.878780    -93.871883
-60.399182     66.783654
 24.210334    -30.295724
 75.884274     41.380047
 56.791894     82.927946
 63.097018     19.821772
-60.930204     69.585253
-56.382946     33.726005
  0.137333    -29.343547
  9.860530     59.807123
 47.819452     48.692282
-83.922849    -90.343944
 24.369030     45.756401
 29.514451      1.181066
 17.246010    -23.862423
-22.684408    -57.164220
 31.199072     35.068819
 45.408490    -37.864315
 27.951903    -95.330668
-14.481033    -90.545366
 39.683218     38.511307
 86.706137     68.511002
 62.614826      5.807672
 67.558824    -95.306253
-63.072604     76.738792
 45.371868    -17.343669
-80.742821    -70.024720
-61.497848    -15.890988
-46.043275     63.774529
-41.782891     57.426679
-50.450148     -8.279672
-53.825495     30.033265
 66.411328      4.678488
 13.950011    -85.003204
-77.922910    -20.187994
 40.665914     42.979217
-79.619739     18.234809
 85.174108     50.828578
 10.629597     -7.583850
 68.852809     58.073672
 83.172094    -15.445418
-14.572588     62.553789
-92.529069     97.271645
 -6.039613     86.437574
 19.083224     17.764824
 51.255837    -96.130253
 61.638234     16.800439
 40.073855     81.585131
 -9.805597    -36.344493
 49.180578    -36.509293
 42.191839     38.334300
-38.328196    -69.145787
 82.152776    -77.660451
  7.754753    -31.015961
 26.541948    -50.810266
 38.169500     71.825312
-45.078890     -4.080325
-25.376141    -84.258553
 13.687551     -3.109836
 -6.576739    -66.338084
-81.383709     61.107212
 98.522904     20.853298
-37.473678     74.279000
 40.299692      3.592029
-65.758232    -33.079012
 36.301767    -97.997986
 55.131687    -70.299387
 50.157170    -81.737724
-60.515152    -42.680136
 84.984893    -18.576617
 84.997101      2.151555
 47.441023    -19.821772
 99.499496    -81.121250
 38.792077    -85.259560
-29.630421     81.432539
 29.142125     99.096652
-17.307047     53.410443
-28.849147     44.926298
 -7.480087     -6.704917
-90.600299    -41.587573
 61.491745    -24.344615
-58.232368     81.176183
-41.013825    -90.374462
-11.020234      6.607257
-61.864071     35.923338
 28.617206      2.841273
 91.906491     83.581042
-50.175481     73.619800
 95.471053     67.748039
 84.997101    -11.697745
 41.245766      9.732353
-25.400555     12.265389
-27.323222    -39.451277
 21.543016    -31.083102
 23.136082      9.262368
 -8.816797    -35.349590
-33.872494     57.298502
 13.296915      7.889035
 83.117161     40.079958
 42.252876     53.556932
-44.883572    -22.867519
 31.681265    -95.818964
 84.423353    -68.004395
-20.230720     98.870815
-47.361675     63.078707
-98.425245     21.445357
 21.280557     46.885586
 84.527116    -41.026032
 81.206702     54.649495
 83.342998    -58.091983
 57.164220    -36.179693
 10.696738     97.161779
 73.601489    -14.481033
-20.169683    -54.728843
 88.109989    -10.739463
 55.339213    -26.969207
 98.669393    -93.798639
-31.565294    -87.353130
 30.967132     92.181158
-47.074801     58.915983
-87.920774     31.681265
-41.886654     55.424665
 36.692404     64.220099
 -5.087436     81.255531
-67.851802    -85.937071
 71.434675     69.212928
 28.635517    -95.123142
 74.236274     87.041841
 40.592669     40.263070
 51.579333    -87.279885
-34.189886     31.644642
 54.838710    -64.812159
-91.711173     54.631184
 -5.600146     11.685537
 31.186865    -84.856716
 66.234321     12.973418
 46.104312      6.613361
  5.441450     87.755974
-55.046236    -60.673849
-77.001251    -22.598956
-19.357891     23.429060
-18.039491     12.405774
  2.835170     86.584063
 69.353313    -78.350169
-44.956816      7.705924
-80.004273     85.863826
 39.323099     47.941527
 48.625141    -33.542894
-45.255898    -39.854122
-53.660695    -59.013642
-84.008301    -41.819514
 97.857601     76.531266
 58.281198    -72.826319
 75.627918     72.185430
-65.208899    -43.955809
 67.265847    -98.052919
-86.944182    -26.401563
 92.327647    -10.690634
-23.709830    -30.668050
 64.836573     44.590594
-63.859981    -19.724113
-42.210150     -3.415021
-37.022004    -74.895474
 25.809503    -50.511185
 40.025025     66.753136
-57.719657     -3.494369
 47.550890    -15.189062
  7.217627     21.317179
 83.416242     38.926359
 82.012391    -81.273843
-73.827326      4.464858
  7.449568    -34.299753
 47.025971     61.705374
-38.840907    -26.010926
 76.799829     19.785150
-89.257485    -44.291513
-65.672781    -43.339335
 18.912320    -66.978973
-77.617725    -43.644520
-43.259987     23.215430
 -2.609333    -75.310526
-18.515580     30.436110
-80.742821    -35.196997
-65.001373     75.304422
 87.578967     93.676565
 19.174780     93.652150
-29.679250    -19.083224
-95.458846    -64.311655
-68.590350     91.106906
 28.360851     96.783349
-36.625263    -89.172033
 38.383129     11.123997
-68.706320     41.788995
 38.566240    -60.441908
 34.391308     41.160314
 -6.955168    -17.209387
 91.338847     -9.537034
-55.534532     51.231422
-44.224372     74.193548
  3.122044    -77.275918
 68.083743    -50.523392
-37.058626     19.455550
 49.699393    -12.002930
-99.230934     35.209204
-53.648488    -28.574480
 15.073092     44.248787
 26.316111    -78.380688
 60.283212     23.172704
-60.020753     46.842860
 33.213294     16.830958
-52.922147     85.229041
 67.577136     79.638050
 17.618336     26.804407
 -6.997894     23.575549
-86.980804     95.245216
-85.247353    -95.947142
 53.495895    -29.361858
 70.397046     74.913785
 78.038881    -65.459151
-80.370495    -56.212043
-96.777245    -81.463057
-76.317637     59.215064
-12.851344    -62.431715
-29.746391     60.472427
  4.574725     89.257485
-99.450667    -78.289132
 39.799188      0.521867
 94.451735     21.414838
-96.765038    -97.289956
-29.898984     68.425550
 78.142644     16.489151
-45.670949     16.031373
-96.374401     27.713858
-20.139164     -4.983673
-99.707022    -64.366588
 65.855892     -2.761925
 44.657735     54.557939
 37.839900    -59.251686
 98.657186     50.309763
-56.651509     47.868282
  0.515763     -7.296976
 19.547105    -32.645650
 23.154393    -94.756920
-30.979339    -27.964110
-93.554491     -6.564531
  0.039674     62.981048
 69.548631     32.706687
-12.485122    -88.384655
-90.459914     97.521897
 10.928678     71.044038
 92.706076    -87.389752
 25.431074    -12.411878
 44.523453      7.852412
-77.574999     44.181646
-55.125584    -42.246773
-64.146855    -33.542894
 34.488968     87.121189
 50.395215     23.142186
-61.021760    -76.122318
-32.096316    -48.319956
 16.745506    -19.541002
 88.323618     40.684225
 36.899930    -55.088961
 61.235389    -99.945067
 -6.442457     63.103122
-35.581530    -49.516282
-37.272256     -6.924650
 65.593432    -36.869411
  7.943968    -86.962493
 23.599963     81.078524
 41.087069    -35.959960
 85.332804     53.611866
 44.438002      8.688620
-65.453047    -85.308390
-39.622181    -12.875759
-51.042207     36.765648
 54.887539     51.530503
-78.276925     -8.774071
 61.101108    -39.609973
  3.665273    -53.178503
-90.765099    -86.236152
-77.587207     37.119663
-50.914029    -89.159825
 34.824671     28.409680
 71.306497     10.995819
 68.742943    -80.742821
 33.823664    -20.413831
-89.434492      2.920621
 -0.448622     99.847407
