128 
-6.328517    2.910372  
  1.370248   -0.718450  
 -3.802916    4.591038  
  6.580124   -1.204739  
 -0.472910   -5.183274  
  5.273819    3.102947  
 -2.184729   -4.394028  
  3.948172    1.582093  
 -1.983740    6.281937  
  0.483729   -7.182039  
 -7.182039    2.384920  
  1.102384    5.384719  
 -6.572038   -3.293748  
  4.738102   -1.920384  
 -0.192837    0.483729  
  6.837102    4.192837  
 -5.102938   -6.183947  
  2.847102   -2.374891  
 -1.374810    3.948102  
  3.294871   -0.182374  
 -7.948120    1.384920  
  0.294871   -3.847102  
  5.182039    6.492038  
 -2.384920    2.103847  
  1.394820   -4.820394  
 -6.937482   -1.948102  
  4.192837    0.294871  
 -0.581027    5.392847  
  6.493847   -2.193847  
 -3.928471    3.928471  
  2.583920   -6.183947  
 -1.738294    1.203948  
  0.102938   -5.748293  
 -5.820394    2.384920  
  3.581029   -1.947382  
 -2.493847    4.182039  
  1.820394    6.192837  
 -6.583920   -2.384920  
  4.382910    0.384729  
 -0.293847   -3.947102  
  5.920384    3.847102  
 -2.103948    1.182039  
  2.384920   -6.847102  
 -7.384720    2.583920  
  1.384920   -4.928471  
 -6.192837    4.738102  
  3.947102   -0.102938  
 -0.738291   -5.948102  
  6.103948    2.103948  
 -3.948102    5.384729  
  2.103847   -1.384920  
 -1.294871   -6.182039  
  0.384729    3.847102  
  5.384729   -3.294871  
 -2.928471    4.738291  
  1.182039    6.283947  
 -6.382910   -2.103847  
  4.103948    1.203948  
 -0.920384   -4.847102  
  6.847102    3.583920  
 -3.103948    0.294871  
  2.103948   -6.384729  
 -1.847102    5.294871  
  0.384920   -3.948102  
 -5.948102    2.847102  
  3.294871   -1.847102  
 -2.394871    4.103948  
  1.928471   -5.920384  
 -6.283947    3.394820  
  4.384729   -0.294871  
 -0.293847    6.182039  
  5.103948   -2.103948  
 -2.103847    2.847102  
  1.847102   -4.103948  
 -7.283947    0.483729  
  0.938471    5.384729  
  6.192837   -1.847102  
 -3.948102    4.103948  
  2.384729   -6.938471  
 -1.294871    1.384920  
  0.182039   -5.384729  
 -5.938471    2.103948  
  3.294871   -1.294871  
 -2.384920    6.103948  
  1.103948   -3.384729  
 -6.103948    3.103948  
  4.847102   -0.938471  
 -0.384729    5.294871  
  5.920384   -2.847102  
 -2.847102    1.920384  
  1.294871   -6.103948  
 -6.384729    0.384729  
  3.103948    4.938471  
 -1.847102   -5.103948  
  0.384729    2.384920  
  6.384729   -3.928471  
 -3.384729    6.103948  
  2.103948   -1.384920  
 -0.847102    4.847102  
 -5.847102   -2.384729  
  4.384729    0.847102  
 -2.103948    3.384729  
  1.847102   -6.103948  
 -6.938471    2.847102  
  3.847102   -1.384920  
 -1.384920    5.103948  
  0.938471   -3.384729  
  5.384729    2.103948  
 -2.384729   -4.847102  
  1.294871    6.103948  
 -6.103948    1.847102  
  4.103948   -5.384729  
 -0.384729    3.294871  
  6.103948   -1.847102  
 -3.847102    4.847102  
  2.847102   -2.103948  
 -1.294871    0.384729  
  0.847102   -6.384729  
 -5.847102    2.847102  
  3.847102    1.294871  
 -2.384729   -3.847102  
  1.103948    5.847102  
 -6.384729   -0.384729  
  4.847102    3.847102  
 -0.847102   -5.103948  
  5.103948    2.103948  
