1024
 71.611682     40.055544
 60.960723     -3.610340
-34.897916    -74.327830
-31.302835     -9.311197
 -4.330576     95.519883
-31.290628    -20.365001
-90.844447    -27.726066
-87.859737    -47.929319
 12.167730    -83.257546
-25.101474    -94.628742
 37.278359     57.048250
 94.988861    -41.544847
-70.970794    -44.260994
 96.154668      5.783258
  6.851405    -53.923154
  4.129154     -6.314280
 61.143834     68.657491
-38.291574      0.161748
 38.883633     39.671010
 48.857082     -0.558489
 74.877163    -17.856380
 14.212470     92.602313
-75.005341    -48.789941
 24.118778     85.393841
-42.387158    -15.170751
 35.496078     -5.362102
-40.525529    -88.872951
 98.821986    -35.642567
-87.701041     43.656728
 -2.639851    -27.079073
 -3.689688     -4.245125
-70.909757     12.466811
-23.032319    -54.667806
 37.339396    -78.154851
 31.192969    -18.729209
 96.588031    -45.695364
-30.753502     62.724693
-40.482803     61.229286
-91.412091     22.568438
 71.739860    -26.914274
-44.065676    -53.758354
 60.264901     58.964812
-46.256905    -42.802210
-97.924741     45.793023
 47.483749    -59.709464
 79.058199    -21.341594
-70.281075     34.263131
 25.467696    -96.679586
-82.439650     24.643696
 74.242378     52.311777
-80.571917     68.297372
  8.413953     15.689566
 47.593616     80.846583
 23.813593     77.965636
-67.345195     18.222602
  9.360027      2.133244
 96.246223    -16.360973
-48.796045     42.350536
 38.108463     -8.798486
-33.072909     66.289254
 -6.002991    -82.634968
-23.935667    -31.449324
 20.426038     71.599475
-86.779382     56.352428
-37.327189    -82.641072
 90.038759    -11.325419
-37.766655    -25.174718
 12.137211    -49.760430
 59.953612     36.368908
 57.542650     41.471603
-48.857082    -73.699149
-77.434614    -34.275338
 48.905911    -64.055300
 41.569262     -4.965361
-88.177129    -34.665975
 86.773278     95.617542
 -7.473983    -97.131260
-45.561083     -5.587939
-36.997589     74.028748
-56.407361     67.888424
-26.712851     90.545366
-66.405225     34.305857
 99.499496    -68.822291
 66.777551    -69.145787
-62.376782    -14.597003
-57.609790    -43.302713
 -0.735496     91.210669
 28.214362     63.341166
 65.520188     98.327586
 95.861690     73.516037
-44.578387    -11.947996
-13.724174      9.805597
 64.989166     81.023591
-88.500626     14.297922
-66.722617    -35.941649
 -0.955229    -59.489731
 -8.371227     67.473373
 85.058138     -1.174963
-47.636341    -76.073489
 62.620930    -63.316752
 -6.833094     40.293588
 -8.694723    -65.184484
 -6.534013     13.565477
 74.394971    -99.316385
-21.036409     22.183905
-90.166936    -59.459212
 30.655843    -75.963622
-78.661458     91.131321
 14.554277     92.309336
-24.185919     92.510758
-11.667226     20.462661
 93.292032     83.068331
 41.196936     27.689444
 55.790887     -1.895199
 23.221534     95.898312
 21.201209    -46.861171
-79.631947    -30.350658
-51.530503     -6.741539
-68.547624    -49.742119
-59.550768     89.727470
  3.335673    -84.801782
-89.519944    -34.904019
 80.553606     -5.746635
 79.131443     28.116703
 25.656911     33.445235
-92.815943     -0.399792
 66.496780     78.234199
-28.696554    -89.361248
-73.284097      6.985687
-11.575671     54.258858
 95.727409    -53.856014
 95.300150    -28.147221
 -5.716117     -1.675466
-10.678426     55.711539
 92.187262    -85.576952
 36.979278     48.673971
-65.996277     41.288491
-43.931394     22.440260
-70.622883    -24.118778
-21.951964    -84.459975
 63.963744     57.426679
 96.697897     12.393567
-12.649922    -71.361431
-90.691855     44.578387
 34.189886     97.405927
 56.840724     95.654164
 34.751427    -69.981994
-31.052583     -9.256264
 71.214942      7.412946
-79.442732    -47.898801
 35.868404     75.450911
-94.170965      1.992859
-52.421644    -79.393902
-63.908811     94.054994
 82.647176      2.383496
 67.760247     54.429762
 76.396985    -26.529740
-33.359783    -86.071352
 51.725822    -80.816065
-85.222938    -87.548448
-69.164098     47.233497
 66.154973    -43.082980
-13.547166     59.074679
 57.444990     13.950011
-11.301004    -65.721610
-19.888913     18.613239
  3.952147    -41.038240
 20.096438    -19.608142
  1.925718    -70.421461
-28.702658     67.680898
-72.875149    -36.558123
-70.836512    -47.953734
 -8.865627     47.062593
-29.404584     -6.479080
 41.697439    -46.360668
-73.577074    -51.884518
-34.849086     61.015656
 52.751244    -21.085238
-21.781060    -98.870815
-92.699973     51.872311
-34.458449    -27.475814
 37.174596     97.674490
-80.852687     46.855068
-15.878780     20.834986
 36.143071    -99.133274
 13.693655    -62.681967
-69.157994    -94.982757
 74.425489    -78.063295
-82.403027     -0.082400
 -6.625568     46.726890
 20.596942     92.010254
 14.230781     -8.352916
 66.869106     -0.460829
 84.258553      8.761864
-81.310465    -19.730216
 -3.683584    -78.838466
  1.791437    -28.000732
 -7.815790    -62.028871
-14.590899    -22.745445
-66.496780    -33.463546
-29.392376    -76.604511
 46.531571      3.219703
 43.052461     29.306925
-53.050325     83.861812
-53.538621     10.031434
-48.966948    -24.649800
-66.991180    -49.461348
-20.596942     89.391766
-53.025910    -20.151372
 59.550768     -0.167852
 -2.230903    -23.191015
-66.490677     44.730979
 78.753014     38.810389
-23.172704     -5.569628
 87.939085    -55.442976
-64.915922     66.966765
-93.084506    -57.683035
 84.313486     71.868038
 94.280831     94.750816
-78.606525    -36.149174
-50.352489    -88.378552
 -9.097568    -12.552263
  4.770043    -98.242134
-45.579394     93.932920
 97.711112    -24.765770
-91.247291     11.740471
 86.590167    -72.673727
 59.184545     51.713614
-41.038240    -64.696188
-45.951720     28.244881
 -6.814783     99.389630
-13.028352    -22.177801
-72.057253    -40.946684
-27.219459     56.010620
 -3.714103     16.037477
-96.337779     94.183172
-19.663076     -4.818873
 91.534165     -2.676473
-57.060457     74.425489
  3.006073     64.104129
 -7.449568     15.243995
 -6.753746     10.361034
-62.456130     24.637593
 44.853053    -22.489090
-13.766900     80.095828
-81.957457    -93.169958
-51.133763    -51.365703
 18.497269    -38.920255
 97.796564     31.278420
-11.044649    -25.363933
-57.902768     64.134648
-69.072542     13.370159
 72.948393      7.419050
 62.743004     25.540941
-64.134648    -46.464431
-79.882199     64.995270
 86.248360    -14.346751
-94.341868     67.815180
-15.726188     17.819758
 93.310343     63.792840
 85.607471    -51.976073
 94.244209      3.878903
 83.935057    -44.572283
 90.264595     84.954375
 61.827448     72.893460
 41.074862    -47.001556
  5.978576     66.228217
-28.409680     66.203803
 43.156224    -48.680074
-54.405347     -1.095614
 53.123569    -19.638661
 31.998657    -32.053591
 14.774010     28.513443
 69.866024    -37.540819
-58.323923     12.186041
-61.418500    -41.569262
-36.625263     70.207831
-60.673849     -0.680563
  8.584857    -60.838649
 -5.887020     23.892941
 46.659749     54.069643
 68.645283     22.592853
-56.559954      5.764946
-74.700156      3.701895
 87.878048     86.120182
 12.411878    -49.528489
 45.542772    -47.593616
 -3.903317     50.553911
 -4.629658    -57.884457
-59.013642    -21.073031
  5.899228     69.322794
 45.963927    -84.398938
-92.907498     33.994568
-58.745079     79.338969
 14.285714     75.463118
 53.147984     58.616901
 60.148930      1.229896
 42.417676    -78.850673
 -8.743553     22.452467
 22.977386    -16.861476
-14.706870    -72.716453
-33.256020     19.541002
-54.808191     23.435163
  1.144444     -3.360088
 26.529740    -18.997772
  5.404828    -91.924802
 54.319895      7.034516
 11.972411     -4.306162
-14.432203     82.982879
 19.211402    -63.646352
 73.735771     96.221809
-78.301340     76.091800
 91.405988     -2.963347
-35.605945     92.675558
 67.448958     12.222663
 26.773888    -31.962035
 94.836268     46.562090
-56.578265     51.683096
 65.428632    -96.545305
-32.889798     96.307260
 87.981811     55.955687
-19.248024     47.038179
 45.591601     -0.589007
-35.593738     65.355388
 48.838771    -82.970672
-76.378674    -30.936613
 40.885647     89.568773
-14.621418    -30.472732
-89.208655    -19.602039
 67.827387     87.408063
-28.727073     27.280496
 30.100406    -71.813105
-42.844935     71.910764
-91.503647     -1.309244
  0.802637     58.726768
-54.783776     45.884579
-59.294412    -65.977966
 15.897092     -0.833155
 19.602039    -23.233741
-37.711722     -2.511673
-71.800897     92.242195
 36.191900     82.390820
 50.944548     99.884030
-38.975188     38.389233
 69.927061    -53.508103
 17.215491    -38.157292
-16.739402     76.073489
 57.609790     39.603870
 94.201483     87.572863
 59.294412    -81.371502
 27.164525    -88.250374
-82.073428    -52.043214
-73.046052     38.499100
 90.978729     74.095889
 97.503586     25.675222
 -4.092532     71.251564
 36.216315     20.969268
-30.149236     87.517930
-79.631947    -72.191534
 96.740623    -11.612293
-98.345897    -53.270058
-91.686758     78.728599
 65.166173    -76.702170
 65.221107     84.557634
  9.134190     34.012879
 24.369030    -24.198126
-98.419141     41.306803
 -1.022370    -88.634907
-29.795221     48.918119
 17.355876     87.688833
 81.676687    -11.044649
-13.211463    -27.970214
-33.329264    -28.189947
-31.211280    -98.126164
-53.129673    -69.768365
-28.141118    -68.517106
-79.900510     88.781396
 68.132572    -92.950224
 60.014649     89.904477
-59.923093     51.579333
-13.626514    -92.028565
 63.536485     40.763573
 62.395093    -17.618336
 33.323160     51.207007
-24.808496    -98.937956
 37.662893    -37.943663
 55.766472     65.684988
-12.271493     -8.511612
 94.622639     69.634083
-91.546373    -50.852992
-90.612506     20.285653
 96.990875    -14.102603
 20.627461    -63.451033
 54.911954     22.067934
 92.077395     53.086947
-99.401837    -64.561907
 91.607410    -37.571337
 67.870113     90.331736
 29.178747     26.255074
 -2.810755     88.811914
 27.903073    -13.003937
 25.785089    -74.419385
-15.335551     11.178930
-17.252113     27.518540
-23.636586     95.532090
 95.532090    -40.739158
 68.144780     67.351299
-86.040834     76.085696
 79.839473    -89.788507
 58.153020    -94.744713
-33.146153     46.287423
 96.447645    -62.822352
-28.250984    -93.401898
-40.330210      7.547227
  2.761925     20.419935
 -1.956236    -48.240608
 -4.422132    -45.005646
 86.840419    -87.127293
-85.479293    -62.987152
 87.145604    -15.726188
-50.553911     86.852626
 67.955565    -31.595813
-35.422834     97.064119
 -4.116947    -67.241432
-44.401379     86.187323
 98.620563    -55.632191
-28.867458     59.215064
  8.511612     64.055300
 54.972991    -94.024476
 92.516861    -18.277535
 65.227210    -31.351665
 74.620808    -26.096377
-73.302408    -90.392773
-42.790002    -35.190893
-27.274392    -88.988922
-52.568133    -27.848140
-67.332987    -62.791833
 -5.081332    -80.993072
 21.402631     91.314432
 47.099216     92.895291
 87.023530     -2.871792
 28.299814     33.402509
 72.923978     37.809381
 48.973052    -70.403150
-49.296548    -17.715995
 51.213111    -91.582995
-20.096438     30.948820
 -3.128147     95.324564
 51.011689     11.618397
  4.519791     28.501236
-32.078005    -42.753380
-58.598590    -92.193365
 26.078066     -3.543199
 76.866970     59.752190
-57.426679    -11.777093
-96.801660     99.688711
 94.463942     31.962035
-69.548631    -27.402570
-78.508866     84.264657
-38.779870    -46.409497
 49.620045     13.498337
 51.823481    -10.562456
 -8.633686    -76.433607
 66.039003     62.358470
-20.511490     78.069399
 27.646718    -42.680136
-10.007019     56.041139
-21.903134    -85.857723
-89.025544     70.696127
-54.521317    -54.435865
-86.706137     82.189398
-68.962676    -97.393719
-20.468764     35.850093
-80.419324     68.449965
 47.361675     57.036042
 19.925535    -37.949767
-76.360363    -66.154973
-58.330027    -67.155980
 25.461592    -80.968657
-85.430464     27.597888
-95.629749    -17.752617
 56.712546    -89.117100
 10.098575    -56.035035
 97.796564    -79.699087
 49.913022     22.275460
 63.701285     37.632374
  0.027467     23.838008
 28.702658     57.371746
-74.901578    -89.788507
-58.568072    -66.301462
 62.291330    -29.184851
 30.991546    -12.741478
-74.065371    -66.191595
 -0.686666    -47.068697
 89.251381     46.098209
-93.804743    -50.126652
 -0.851466     53.709525
-46.897794    -44.926298
 80.614643    -86.162908
 72.020631     61.693167
 86.687826    -30.198065
-74.285104    -96.618549
-49.540696     20.065920
 25.540941    -74.065371
 95.275735     12.710959
-26.981414     87.347026
 59.306619     -3.445540
-68.425550     67.741935
 -9.054842     60.118412
-65.434736    -29.734184
 71.074557     89.770196
-64.104129     -5.722221
 18.558306     78.228095
  9.439375     61.992248
-64.812159     14.743492
  3.561510     79.955443
 46.342357     88.134404
 56.975005     16.507462
 -6.436354     33.994568
 82.152776     76.519059
 35.410627    -42.741173
 22.580645    -45.371868
 12.668233     61.449019
 -9.915464     48.265023
 34.324168     15.750603
 88.500626     11.655019
-59.495834     -8.694723
 29.886776    -67.851802
 98.583941     97.851497
-50.401318    -89.989929
-11.282693     51.988281
-73.546556    -77.007355
-64.824366      8.371227
 14.157537    -43.076876
 39.542833    -14.981536
 90.380566     83.581042
 72.130497     14.035463
-70.378735     67.046113
-22.104556     48.942534
  6.179998    -20.145268
-46.995453    -40.073855
 33.420820     10.153508
-51.615955     48.222297
-54.374828    -58.922086
-43.546861     10.873745
-71.288186     83.764153
-62.663656    -12.845241
  5.984680    -55.040132
-59.257790     17.862484
-14.792322     10.818812
 79.839473    -51.237526
 73.320719    -72.167119
-86.718345    -90.563677
-35.099338     62.340159
 91.760002     -1.266518
-89.233070    -80.199591
 25.162511    -91.869869
-27.109592      5.056917
 26.779992    -85.729545
-28.153325      4.898221
 90.673544    -28.171636
-66.844691     74.101993
-41.557054    -61.943419
-61.326945    -93.743706
 31.846065     60.216071
-10.690634    -29.367962
-12.833033    -42.875454
-14.688559     -3.756829
 47.990356     26.151311
 30.411695     84.508805
-27.726066    -93.230995
-33.988464    -68.388928
-89.788507    -67.906735
-58.262886    -58.061464
-10.965300     -0.527970
-71.483505    -86.303293
-19.040498     -8.481094
-19.449446     78.154851
-89.318522    -21.219520
-47.685171    -26.468703
-41.477706    -64.714499
 76.909696    -64.970855
-84.521012     -1.767022
-88.042848     82.018494
-53.392132      3.079318
 59.416486    -16.214484
-81.292154    -74.742882
-34.684286     85.082553
 48.844874    -40.202033
  6.015198     72.600482
-70.287179     70.085757
-33.146153     63.823359
 88.311411    -63.023774
-80.217902     -0.711081
-66.051210    -60.362560
  5.948057    -80.309458
 52.079836     99.176000
-70.311594    -91.039766
 99.993896     16.470840
 70.116276    -15.372173
 60.753197    -64.616840
 16.403699    -83.324686
-88.421278    -37.369915
 33.341472     56.212043
 62.968841    -24.539933
 63.042085    -44.907987
 24.662008     48.606830
-30.661946     57.847835
 54.960784    -68.504898
 30.973235     47.123630
 49.375896      7.205420
-10.165716    -76.128422
 25.064852     64.238411
 60.600604      3.598132
 57.145909    -87.530137
  7.852412    -90.227973
 23.276467    -25.504318
 97.137364    -54.081851
 12.662130     83.593249
 25.986511    -72.704245
-44.242683     19.571520
 41.380047     53.727836
-69.054231     13.803522
-50.321970    -95.391705
-95.617542    -45.390179
 25.498215    -62.480544
-40.641499    -75.701163
-74.474319    -28.513443
-28.727073     -0.930815
 13.821833     36.368908
-15.353862    -56.883450
  4.538102     69.438765
 48.301645    -71.929075
-71.391949     40.513321
-35.038301    -90.911588
-69.585253    -13.144322
-88.354137    -11.148412
-99.163793    -60.948515
-13.095492      0.692770
 52.855007     19.211402
 41.343425     42.124699
 45.988342     92.614521
 47.544786    -10.000916
-34.195990     54.185614
-34.244819    -71.465194
-35.209204    -69.042024
-38.541826    -78.447829
 70.763268     81.817072
-68.828394     60.032960
-30.918302     75.695059
 -7.248146     16.318247
 65.044099    -70.342112
 96.307260     36.277352
 32.499161     87.896359
 12.118900      0.521867
-44.920194     22.983489
 51.799066     86.071352
 66.313669     40.763573
-21.176794     59.624012
 -5.307169    -30.143132
 64.818262    -66.264840
-79.790643    -82.696005
-52.226325     17.166662
-51.640370    -28.629414
 48.527482     90.539262
-91.955321     32.963042
  1.553392    -61.272011
 79.522080     56.743065
 56.651509    -28.916288
 58.659627     83.294168
-92.590106    -39.188818
 63.835566    -56.492813
-97.003082     34.739219
 91.613514     16.586810
 99.340800    -55.259865
 27.481918    -77.336955
-94.006165    -47.978149
-81.994079    -68.419446
-14.932707    -44.425794
-89.562670    -31.174657
-41.801202     -3.994873
 66.270943      0.064089
-21.872616    -33.988464
-45.243690     75.377667
-79.137547     58.751183
 32.889798     14.554277
 54.869228    -14.682455
-82.171087     14.633625
-56.572161     92.675558
-41.752373    -39.042329
 36.478774     13.180944
 10.702841    -76.995148
-91.906491    -23.007904
 27.378155     16.220588
 -3.976562     18.674276
-38.657796    -88.860744
 -0.680563      9.103671
 -4.263436    -29.013947
 -9.506516    -55.876339
  2.908414     99.084445
 -1.638844     20.999786
 40.006714     77.245399
-82.183294    -65.959655
-12.961211     76.439711
-97.173986    -79.332865
-66.142766    -79.009369
 98.889126    -10.989715
 22.141179    -12.472915
 71.166112     58.513138
-51.243629    -80.089724
-15.390484     44.596698
 36.667989     41.526536
 92.242195     18.747520
 79.711295     45.976135
-12.076174     75.261696
 67.387921     47.642445
-20.169683     35.813471
 -3.933836    -26.841029
 40.842921     23.258156
 72.685934    -24.735252
 92.175054     35.758538
-82.683798     50.065615
 76.464125    -47.447127
 70.830409    -60.875271
-23.496200    -97.326579
 13.834040     97.576830
 36.027100     27.726066
  3.256325      9.439375
-61.430708    -29.892880
-67.320780     31.534776
  0.930815    -82.140568
-77.153844     47.074801
-62.822352    -62.584307
 48.399304    -89.629810
 49.766533     25.467696
-92.767113    -36.295663
  3.707999     11.233863
 38.749351      7.791375
 40.342418    -59.611805
 97.045808      6.961272
-13.339640     71.843623
-14.450514    -89.599292
-83.275857    -81.298257
 59.202857     70.610675
 21.182897     64.592425
  0.418104     40.391247
-58.720664    -13.370159
 75.206763     29.660939
-76.409192     16.293832
-24.448378      3.170873
 51.670888     69.432661
-45.585498    -99.414045
-89.080477     76.641133
 59.538560    -39.963988
-57.084872    -54.673910
-27.671133     26.432081
 45.439009    -15.390484
 58.104190     25.821711
 74.425489     24.405652
-66.148869     86.980804
  4.177984    -40.134892
-40.092166     91.558580
  1.998962    -47.495956
-38.389233    -66.075625
-26.511429     19.168676
-12.649922     72.124393
 34.891812     40.159307
  9.195227     51.005585
 68.541520    -82.232124
-27.701651    -21.079134
 17.838069    -83.550523
 99.462874     39.182714
 77.880184    -84.160894
 56.920072     17.508469
 38.065737      7.974487
 87.810907    -73.223060
-67.076632    -30.143132
-80.584124    -89.739677
 57.341227     42.698447
-49.528489    -95.361187
-97.460860    -50.981170
-75.145726     44.035157
 69.005402    -21.091342
 -2.212592     86.303293
-87.444685     76.659444
  0.918607     42.826624
-20.010987    -40.928373
 12.472915     93.121128
 -9.720145     -3.372295
 38.688314    -34.598834
 17.856380     88.787500
-87.090670     64.464248
 34.025086     64.720603
 18.436232    -71.996216
 62.834559     40.653706
-58.543657     92.834254
-92.321543     65.080721
 60.386975    -48.039186
-95.159764     83.196509
-22.330393     84.051027
 60.216071    -48.399304
  0.521867     36.350597
 25.516526    -65.227210
-23.355815     42.387158
 70.195624     14.328440
 91.363262     55.687124
-94.744713     42.484817
-67.741935    -19.260231
-84.655293     70.879238
 27.713858     82.537309
 55.247658     86.059145
-34.537797     55.778680
-32.926420     82.830287
 97.497482    -64.799951
-25.516526    -93.230995
-62.437819    -71.898556
-90.020447     -2.865688
 57.487716    -49.620045
 31.815546     61.369671
-11.478011    -52.610858
-13.577685     12.546159
-65.880306    -19.217505
 72.972808      0.943022
  0.192267    -37.418744
-34.000671     70.989105
-50.737022     17.844172
-47.410504     74.864956
-15.347758    -42.997528
 40.153203    -26.017029
-28.989532     39.329203
 -8.743553    -40.348521
 -2.560503    -91.467025
 41.611988    -75.945311
 89.440596     82.024598
-42.478713    -87.066256
-24.124882     74.785607
-10.989715     91.143529
-82.598346    -60.618915
-25.052644     52.311777
-97.686697    -96.801660
-43.650624      3.976562
 16.336558     84.173101
-45.866268     59.269997
 92.431410    -33.719901
 67.577136    -33.463546
 46.989349     16.135136
-50.260933    -91.906491
  8.517716    -78.301340
 16.086306     99.407941
 45.249794     34.659871
 42.533647     19.797357
 -2.255318     97.460860
-90.746788      6.204413
 22.904141     36.411634
-53.599658     40.964995
-44.535661    -97.949156
 38.004700     65.007477
 93.426313    -61.986145
-59.605701     47.721793
-86.541337     59.642323
-28.720969    -55.296487
-77.257607    -76.317637
-74.230171    -25.382244
-46.732994     70.177313
-24.369030    -53.532517
-94.952239    -82.103946
  7.992798     68.523209
 44.413587     94.573809
-40.287484    -29.898984
 63.560900     83.056124
  3.781243    -32.462539
  7.742546     64.860988
-56.181524    -94.512772
 76.287118    -57.884457
 73.149815      4.922636
  3.646962     19.357891
 54.441969     48.979156
 26.847133    -73.723563
 76.427503    -62.034974
-54.594562     62.797937
 43.748283    -55.217139
 80.224006    -52.391125
 56.285287    -98.071230
 37.412641    -48.484756
-65.825373     51.426740
 83.556627     -3.262429
 44.792016    -11.081271
 38.486892    -96.429334
-12.082278     33.097324
 91.924802    -34.525590
 -4.599139     51.811274
 50.157170     33.951842
  1.467940     76.073489
 19.101535     94.476150
 40.031129    -66.838588
 29.911191     14.658040
-74.840541     30.155339
 13.388470     45.921201
 71.068453    -80.901517
 29.526658    -40.055544
  7.693716    -24.961089
-41.660817      1.150548
 48.387097     18.240913
-41.697439    -63.585314
 65.654469     11.740471
 98.583941    -16.672262
 31.424909     65.593432
 71.385846     98.199408
 78.051088     78.978851
 -9.414960      5.087436
-63.829463     51.457259
-17.001862     47.099216
-94.134342     -5.386517
-21.579638     41.196936
 17.215491     75.353252
  4.782250     17.770928
-63.432722    -77.959532
 -5.404828     26.224555
 74.779504    -75.115207
  9.030427     87.853633
 53.636280     61.589404
 85.778375     77.178259
-13.260292     79.705191
 16.989654     13.126011
-68.901639    -33.085116
 63.603626    -58.836634
-34.324168    -59.636219
-87.859737     87.701041
 53.099155     86.455885
 80.462050     68.053224
-59.117405     82.256539
 78.472243     29.129917
 58.348338    -70.213935
-69.737846    -91.869869
 65.416425    -65.507981
-36.234626     88.586077
  9.726249     59.056368
 74.248482     34.757530
-51.890622     83.855708
-32.108524    -13.986633
-11.197241    -94.634846
 -8.279672     92.016358
 10.623493      3.640858
 56.059450     70.305490
 15.335551     10.214545
 55.870235    -32.639546
-30.539872      7.632679
 97.125156    -95.580920
 91.827143     91.882076
-65.465255    -10.684530
 43.009735     28.946806
-73.143712     75.579089
-26.956999    -63.194678
-84.002197    -49.925230
 83.556627     23.984497
-63.762322     30.381176
 60.576189    -83.947264
-40.244758    -46.806238
 34.348582      1.303140
-15.274514    -65.007477
 22.318186    -73.308512
 72.283090     86.248360
-88.415174     75.560778
 38.523515    -39.695425
-62.950529    -41.837825
  7.852412    -81.554613
-88.500626    -53.624073
-66.100040     -7.950072
-36.057619     83.764153
 94.293039     23.361919
 42.344432      2.285836
 65.453047    -33.994568
-62.913907     76.970733
-16.232795    -73.491623
 81.426435     49.607837
 -0.643941     28.116703
 85.039827     52.922147
-71.428571     78.063295
 57.164220     66.356395
 11.703848    -80.321665
 75.334941    -65.245521
-18.100528     50.468459
 56.114383    -18.820765
-48.258919    -12.533952
-15.958129    -54.918058
-76.384777    -38.883633
-45.011750     77.220985
 30.173650     18.912320
 -9.726249    -77.672658
-88.921781    -79.973754
 77.684866     21.060823
-67.577136    -97.747734
 -4.275643     62.193670
 54.875332    -97.558519
-22.678304    -83.404035
 56.944487    -88.311411
-30.790124     84.008301
-80.388806     46.549883
-56.706442    -16.025269
 78.472243     17.532884
 16.190069     22.190008
-50.267037    -23.911252
 33.262123     63.475448
 36.320078     21.378216
-26.706748     42.625202
 20.249031    -51.963866
 30.204169    -55.577258
-52.348399    -83.758049
-72.136601     84.051027
-87.450789     25.254067
-75.536363    -80.901517
-54.216132     71.739860
 62.492752    -75.481429
-84.813990     74.132511
-79.259621    -38.346507
-56.566057     44.218268
 24.509415     72.753075
-50.364696    -12.735374
-29.825739    -68.004395
 21.042512     11.929685
 20.584735     84.569842
 21.091342    -68.895535
 27.323222      4.709006
-59.996338     35.178686
