64 
-6.783425    3.129847  
  4.320144   -7.485601  
 -2.103764   -4.293820  
  5.784902    8.249317  
  0.014762   -3.142907  
 -7.893720   -6.574310  
  3.428570    2.173600  
 -4.205143    5.679132  
  1.638950   -0.456720  
  6.932784   -9.182034  
 -1.205897    6.572198  
  2.134065   -2.341768  
 -0.975310    4.683279  
  7.861203   -1.764930  
 -5.613284   -3.248912  
  3.193748    7.401823  
 -3.286407   -0.657813  
  0.793142   -8.192374  
 -6.572940    2.603847  
  2.589370    1.384672  
 -0.387198   -5.673240  
  6.027193   -3.472019  
 -2.384902    4.527130  
  1.372813   -1.283417  
 -7.138202    3.748923  
  0.563209    5.137264  
  5.840273   -2.893172  
 -1.120457   -7.903471  
  3.948271    0.184627  
 -4.735918    6.849203  
  2.913470   -4.093712  
 -0.843129    1.374627  
 -6.193847   -2.384759  
  1.283640    3.920176  
 -2.903817   -0.146723  
  6.124038    4.103927  
 -3.574820    2.759381  
  4.173829   -1.837291  
 -7.183402    0.457182  
  0.682471   -6.482931  
 -5.048291    5.283914  
  3.214870   -3.128472  
 -1.729104    4.283947  
  2.917204    0.193841  
 -0.540128   -2.487132  
  6.281903   -7.482013  
 -3.204820    1.842739  
  0.912738    6.173827  
 -6.587320   -3.038172  
  5.837204    3.748102  
 -1.138472   -0.291084  
  4.293710   -6.203471  
 -2.039847    2.183740  
  1.019284   -4.739827  
 -7.482039    0.183794  
  0.748102    3.281947  
  6.109348   -1.739281  
 -0.239481    5.238947  
 -5.204873   -3.748192  
  3.917382    1.583017  
 -2.847193   -6.139284  
  2.384910    0.473812  
 -0.918273   -2.840197  
  5.183947    6.483910  
 -4.103472   -0.128374  

