256
 75.250040     71.364760
 71.887296     68.745998
-66.968944     91.809015
 10.551865    -94.727725
 59.868692    -14.004013
 71.797088     53.163769
 47.671237     36.964274
 58.428788     44.561042
-20.541092     72.031514
-38.295099     11.846510
 93.108659     91.768745
 20.765001     67.460983
 43.638783    -35.745791
-63.977206    -27.418276
-86.185936     85.040852
 84.154353     -3.059689
-30.294744    -68.884646
-93.064615     21.860589
-47.024256     91.490906
-82.677910     89.575119
 63.633020    -63.394766
-10.188077    -65.971464
 81.178400     14.594355
 28.948663    -38.382003
 21.570230    -54.276806
-21.154970     60.685605
 24.875742     96.762394
-22.670562    -79.538136
-95.929230    -55.140190
-64.558167     28.620546
-22.133670     60.660326
 78.289712    -83.500232
-47.988089     52.849402
-20.302580      1.251465
-43.264797    -95.852230
-24.619800    -55.387412
-62.786362     84.561844
-47.325426     68.218572
 35.302995    -11.813284
-67.282150    -50.780219
-84.501378    -98.931268
-31.965493     78.827939
-10.785124    -35.961078
 68.021236    -77.983804
  2.754699     79.714343
 42.287716     44.604935
 57.731767    -51.909302
 15.939058    -21.135374
 12.214257     33.449763
-74.070479      9.790972
-44.266906    -40.170056
 32.923781    -60.766867
 -0.906819     49.192810
 -9.153241      9.530254
 44.064846     21.200968
 -0.010127    -98.786076
 85.187887    -66.706968
 89.268738    -69.115873
 62.979678    -68.576686
-18.409913    -66.076163
-82.370077    -57.371114
-32.821074    -99.894279
 85.875484     55.750176
-17.404207    -77.820890
-44.251505     19.191991
 53.065558    -27.871397
-35.622837    -34.912763
  4.284021     31.063244
 99.758614    -89.286040
 50.091045    -16.871462
 23.235123    -56.192708
 73.038089     13.448258
-43.374965    -31.105119
  9.822682      8.165269
 74.056784     69.944501
-73.090530    -36.923700
-19.128910     92.121478
-67.455890     16.169799
 42.406157    -93.654083
 -7.342972     11.309829
 52.181166    -77.343339
 27.639657     44.483819
 -9.392744    -59.183119
-50.891300    -36.806635
 56.257443     11.857341
-47.339665     15.756895
 80.359426    -16.164859
 92.915202    -12.646422
-87.539969    -59.684420
 19.991037     10.741362
-95.154049     60.057136
 50.961485     13.797249
-83.347774    -90.917563
 28.772389      9.024658
-23.726367     75.605003
-37.138471     94.022234
 11.250279      5.995073
 54.141620     21.740774
-28.163489    -33.507268
 33.982583     -0.984526
-68.666776    -53.213215
-17.975922    -39.379710
-25.930694     41.555009
-52.397163     39.901363
 33.357740     84.200779
-91.581538    -32.082503
-44.523915     93.047889
-20.258186    -50.703735
 56.828663     85.965904
-88.349369    -43.806205
  5.216595    -72.291624
 86.423489      4.040729
-88.963330    -40.528487
-77.683878     71.218688
-63.770124    -10.273761
-27.046052     36.522799
-45.952505    -16.373155
-13.229043     -4.792970
 81.007977     34.108343
-34.938174    -47.812652
 48.519065     -8.965133
-99.741525     85.133762
 74.524946     71.385530
 30.811584    -98.525652
 39.929760     43.384789
-16.598619     64.499870
 35.790961    -11.726321
-62.032410    -35.474316
 44.629635    -48.013639
 12.900270     30.954765
 83.894576    -58.558343
-20.606170    -33.495429
-31.780965    -90.304990
 91.615088    -58.352977
-32.448238     -1.680548
 50.908144    -17.597450
-18.700031     78.575104
-11.484231     76.299146
-59.813551    -67.785506
-76.585570    -85.103412
 86.616464     93.262164
-36.919878     26.949570
 47.155140    -93.369340
 -9.669504     65.794604
-71.335814    -29.077939
-85.031249     12.425007
-96.331628     10.104990
-72.850273     65.564122
-53.544755     50.954420
-20.291710    -87.765378
-47.095960    -74.598046
-47.550171     48.971467
 41.474378     96.719822
-57.113106    -14.554150
-77.634189     16.895531
 60.697897     52.719341
 19.586741     39.480901
-98.396738     12.357521
 15.944007     23.779384
 47.014763     81.181777
-41.982705     89.319650
 18.161141     46.932426
-91.451501     12.052222
-73.414675    -35.636425
 -9.582116    -87.146011
 40.301832     60.751644
 98.390003     82.167598
 30.637630    -33.822490
 53.805898     30.320950
 32.926444    -75.831801
-11.439027     17.052063
-67.373042    -96.279562
-93.773740    -56.045266
 60.351305     58.505796
-10.722357    -99.340862
-28.792104    -88.724076
-18.575626     25.757324
 59.159225     73.923017
 68.800253      4.592846
-78.162187     54.772479
 27.235685    -40.022870
 64.941820     28.585453
-76.169511     46.195269
-93.313312     18.170336
-58.856638    -22.712654
 37.181544     94.803763
-86.971161    -23.942847
-71.146220     71.169731
 34.708152    -18.429325
 61.741506    -36.279642
  7.010915    -62.222186
-55.231850    -24.788108
-19.177531     52.345055
 -8.671025     -4.460483
 21.014076    -21.384162
  4.490846      8.809787
-23.911016    -97.549289
-66.048708      6.399153
-42.999421    -56.155033
 48.026118    -70.818771
 48.555506     34.966577
 56.553196    -30.620512
 32.695447    -15.437416
-93.645310     76.524136
-25.680044     18.875360
 10.986526    -21.666372
-52.795917     69.571526
-33.055691     81.540625
 70.691824     61.829625
 -8.878817     12.711473
 74.010227     13.474580
 92.965699    -40.024257
 73.145402    -44.191640
 25.193419    -38.654436
-29.944110     67.244030
 52.265542     63.503767
 20.325851    -15.962570
 51.238602     44.143357
-26.303428     42.548618
-59.768226     29.038666
  0.913986    -98.083344
-69.237001    -84.891882
  1.339543     86.211233
 32.323178     42.322125
-16.303302     82.885764
 69.125972    -39.046849
-85.357995     77.512720
-77.438569    -50.174689
 51.021480    -46.146078
 25.934637    -15.060021
-23.273170    -11.957329
  7.773248    -71.371426
-51.572314    -94.751368
-13.554536    -69.410518
 22.994989     31.033092
-31.509413     -7.758015
-57.899268     87.693205
 20.379098     -0.161325
 58.420926     93.453612
 38.004702    -98.964943
-23.238067    -22.987074
-15.109624      2.141745
 49.323272     76.246959
-35.412708     94.081029
-76.376036     57.979564
-39.958470     -5.635124
-62.563762    -51.165036
-58.245242    -93.415535
 58.337841    -33.223612
 32.066697    -43.825280
 31.451375    -24.887167
-55.990276    -10.036331
 18.894607     45.531977
-10.512998      1.923114
 62.185390    -89.948903
 98.834384    -23.677899